BACKTRACKS
0
0
3
0
0
2
0
0
0
0
10
0
1
1
0
3
0
0
0
0
0
1
16
0
0
0
0
6
0
0
0
0
0
0
2
20
0
0
0
3
9
0
0
5
15
2
0
0
14
1
0
0
0
0
14
22
0
0
1
3
21
0
0
0
0
6
0
12
0
0
3
2
8
40
0
0
0
0
5
0
1
3
0
0
0
2
0
0
0
1
4
1
2
0
0
9
2
8
7
0
0
0
0
2
0
0
0
8
1
0
1
0
0
0
0
1
0
0
2
1
1
5
5
0
2
11
0
2
1
8
1
4
2
1
0
0
8
0
4
1
2
1
2
0
0
4
0
3
3
0
0
1
0
0
0
0
0
1
0
0
0
0
0
4
0
2
0
1
1
0
0
10
1
0
5
0
0
6
1
0
0
14
0
0
0
8
0
0
0
2
4
2
3
4
0
0
0
2
5
0
0
0
0
0
1
4
3
3
0
2
0
6
0
1
0
11
1
0
0
2
22
0
0
1
0
2
0
0
0
1
1
2
0
0
15
0
3
0
1
0
0
0
1
3
3
4
2
0
0
1
2
0
0
8
0
2
0
0
30
14
2
6
4
0
1
0
7
3
25
1
0
0
6
0
2
0
0
1
0
5
2
1
5
4
0
0
0
2
1
0
0
0
1
0
3
0
0
1
0
2
0
1
0
1
0
6
3
3
0
0
1
0
0
2
2
0
0
0
0
5
12
0
5
0
5
6
0
0
3
4
4
0
8
0
0
15
1
3
1
1
0
1
0
0
1
0
1
0
0
0
6
2
0
0
1
1
0
0
1
0
1
0
0
1
4
0
1
2
1
1
4
0
2
6
1
0
2
0
0
0
1
0
0
0
1
0
5
1
0
1
19
1
12
0
1
0
0
0
0
2
0
0
0
0
2
3
0
2
2
8
0
1
1
0
1
5
0
0
3
0
4
0
1
2
3
2
8
0
0
0
0
0
0
1
2
1
0
0
0
0
0
3
4
6
16
3
9
1
0
0
4
56
0
8
4
0
7
3
1
0
0
0
9
7
2
0
0
1
0
3
0
1
7
2
1
3
1
2
2
0
12
6
22
2
2
1
0
1
3
0
7
2
0
1
3
0
11
0
3
0
0
0
37
1
16
4
5
7
0
5
18
0
0
4
11
0
3
2
3
4
0
3
0
0
0
0
0
0
1
2
1
1
2
0
0
1
9
6
6
2
1
2
1
7
2
0
3
0
4
0
3
1
4
0
1
2
8
1
0
0
0
0
6
0
17
2
0
2
0
0
8
0
1
1
0
1
0
7
1
20
1
0
3
0
2
5
1
6
4
0
16
8
0
1
0
9
0
4
1
0
0
0
4
0
1
2
0
1
0
10
2
2
2
0
8
3
3
2
0
1
0
1
0
7
0
1
0
1
2
0
1
7
0
1
5
1
3
2
0
6
1
1
0
0
0
4
2
8
3
1
3
0
4
7
0
10
0
3
5
0
3
1
0
2
0
0
1
4
1
1
0
0
0
3
1
11
6
0
8
1
5
0
0
8
1
2
20
15
1
42
1
2
6
0
3
1
4
41
0
1
2
13
3
6
3
1
2
0
2
1
0
5
0
3
1
3
0
0
0
0
3
2
1
1
0
8
2
0
9
2
3
2
4
1
15
2
0
3
9
1
2
4
0
11
0
1
7
2
1
6
2
5
3
11
0
29
3
4
4
2
2
0
2
10
1
15
1
1
0
1
6
1
12
0
18
0
4
11
0
0
1
1
5
4
11
0
0
0
6
16
5
0
0
1
0
1
33
5
0
1
1
0
1
3
5
1
5
2
1
0
4
7
20
0
0
0
0
1
1
1
2
1
0
0
14
5
0
2
3
3
3
0
0
1
0
7
0
1
0
9
0
2
1
9
6
0
0
1
0
0
2
3
1
0
2
0
0
3
0
1
0
5
0
1
2
9
1
1
5
0
0
0
10
2
5
13
0
1
0
0
17
1
0
2
0
2
6
0
4
1
11
1
0
13
1
23
6
0
0
3
4
3
2
35
2
0
3
4
0
9
6
2
2
5
2
5
0
3
0
8
0
2
2
13
7
1
1
2
1
1
7
4
2
7
7
1
4
0
5
1
2
4
0
2
12
0
0
2
15
0
15
6
1
2
3
4
0
1
2
2
9
2
1
5
55
4
3
0
4
12
4
4
9
1
1
3
3
1
5
4
0
3
7
5
1
5
2
1
5
0
0
16
1
2
14
1
3
1
0
1
0
6
5
3
1
0
6
0
1
3
7

SPEED IN ITERATIONS PER SECOND
0.1336650424737706
