BACKTRACKS
0
0
0
0
0
0
0
0
0
0
0
0
0
0
0
0
0
0
0
0
0
0
0
0
0
0
0
0
0
0
0
0
0
0
0
0
0
0
0
0
0
0
0
0
0
0
0
0
0
0
0
0
0
0
0
0
0
0
0
0
0
0
0
0
0
0
0
0
0
0
0
0
0
0
0
0
0
0
0
0
0
0
0
0
0
0
0
0
0
0
0
0
0
0
0
0
0
0
0
0
0
0
0
0
0
0
0
0
0
0
0
0
0
0
0
0
0
0
0
0
0
0
0
0
0
0
0
0
0
0
0
0
0
0
0
0
0
0
0
0
0
0
0
0
0
0
0
0
0
0
0
0
0
0
0
0
0
0
0
0
0
0
0
0
0
0
0
0
0
0
0
0
0
0
0
0
0
0
0
0
0
0
0
0
0
0
0
0
0
0
0
0
0
0
0
0
0
0
0
0
0
0
0
0
0
0
0
0
0
0
0
0
0
0
0
0
0
0
0
0
0
0
0
0
0
0
0
0
0
0
0
0
0
0
0
0
0
0
0
0
0
0
0
0
0
0
0
0
0
0
0
0
0
0
0
0
0
0
0
0
0
0
0
0
0
0
0
0
0
0
0
0
0
0
0
0
0
0
0
0
0
0
0
0
0
0
0
0
0
0
0
0
0
0
0
0
0
0
0
0
0
0
0
0
0
0
0
0
0
0
0
0
0
0
0
0
0
0
0
0
0
0
0
0
0
0
0
0
0
0
0
0
0
0
0
0
0
0
0
0
0
0
0
0
0
0
0
0
0
0
0
0
0
0
0
0
0
0
0
0
0
0
0
0
0
0
0
0
0
0
0
0
0
0
0
0
0
0
0
0
0
0
0
0
0
0
0
0
0
0
0
0
0
0
0
0
0
0
0
0
0
0
0
0
0
0
0
0
0
0
0
0
0
0
0
0
0
0
0
0
0
0
0
0
0
0
0
0
0
0
0
0
0
0
0
0
0
0
0
0
0
0
0
0
0
0
0
0
0
0
0
0
0
0
0
0
0
0
0
0
0
0
0
0
0
0
0
0
0
0
0
0
0
0
0
0
0
0
0
0
0
0
0
0
0
0
0
0
0
0
0
0
0
0
0
0
0
0
0
0
0
0
0
0
0
0
0
0
0
0
0
0
0
0
0
0
0
0
0
0
0
0
0
0
0
0
0
0
0
0
0
0
0
0
0
0
0
0
0
0
0
0
0
0
0
0
0
0
0
0
0
0
0
0
0
0
0
0
0
0
0
0
0
0
0
0
0
0
0
0
0
0
0
0
0
0
0
0
0
0
0
0
0
0
0
0
0
0
0
0
0
0
0
0
0
0
0
0
0
0
0
0
0
0
0
0
0
0
0
0
0
0
0
0
0
0
0
0
0
0
0
0
0
0
0
0
0
0
0
0
0
0
0
0
0
0
0
0
0
0
0
0
0
0
0
0
0
0
0
0
0
0
0
0
0
0
0
0
0
0
0
0
0
0
0
0
0
0
0
0
0
0
0
0
0
0
0
0
0
0
0
0
0
0
0
0
0
0
0
0
0
0
0
0
0
0
0
0
0
0
0
0
0
0
0
0
0
0
0
0
0
0
0
0
0
0
0
0
0
0
0
0
0
0
0
0
0
0
0
0
0
0
0
0
0
0
0
0
0
0
0
0
0
0
0
0
0
0
0
0
0
0
0
0
0
0
0
0
0
0
0
0
0
0
0
0
0
0
0
0
0
0
0
0
0
0
0
0
0
0
0
0
0
0
0
0
0
0
0
0
0
0
0
0
0
0
0
0
0
0
0
0
0
0
0
0
0
0
0
0
0
0
0
0
0
0
0
0
0
0
0
0
0
0
0
0
0
0
0
0
0
0
0
0
0
0
0
0
0
0
0
0
0
0
0
0
0
0
0
0
0
0
0
0
0
0
0
0
0
0
0
0
0
0
0
0
0
0
0
0
0
0
0
0
0
0
0
0
0
0
0
0
0
0
0
0
0
0
0
0
0
0
0
0
0
0
0
0
0
0
0
0
0
0
0
0
0
0
0
0
0
0
0
0
0
0
0
0
0
0
0
0
0
0
0
0
0
0
0
0
0
0
0
0
0
0
0
0
0
0
0
0
0
0
0
0
0
0
0
0
0
0
0
0
0
0
0
0
0
0
0
0
0
0
0
0
0
0
0
0
0
0
0
0
0
0
0
0
0
0
0
0
0
0
0
0
0
0
0
0
0
0
0
0
0
0
0
0
0
0

SPEED IN ITERATIONS PER SECOND
60782.609955800304

ASSIGNMENTS
0
0
0
0
0
0
0
0
0
0
0
0
0
0
0
0
0
0
0
0
0
0
0
0
0
0
0
0
0
0
0
0
0
0
0
0
0
0
0
0
0
0
0
0
0
0
0
0
0
0
0
0
0
0
0
0
0
0
0
0
0
0
0
0
0
0
0
0
0
0
0
0
0
0
0
0
0
0
0
0
0
0
0
0
0
0
0
0
0
0
0
0
0
0
0
0
0
0
0
0
0
0
0
0
0
0
0
0
0
0
0
0
0
0
0
0
0
0
0
0
0
0
0
0
0
0
0
0
0
0
0
0
0
0
0
0
0
0
0
0
0
0
0
0
0
0
0
0
0
0
0
0
0
0
0
0
0
0
0
0
0
0
0
0
0
0
0
0
0
0
0
0
0
0
0
0
0
0
0
0
0
0
0
0
0
0
0
0
0
0
0
0
0
0
0
0
0
0
0
0
0
0
0
0
0
0
0
0
0
0
0
0
0
0
0
0
0
0
0
0
0
0
0
0
0
0
0
0
0
0
0
0
0
0
0
0
0
0
0
0
0
0
0
0
0
0
0
0
0
0
0
0
0
0
0
0
0
0
0
0
0
0
0
0
0
0
0
0
0
0
0
0
0
0
0
0
0
0
0
0
0
0
0
0
0
0
0
0
0
0
0
0
0
0
0
0
0
0
0
0
0
0
0
0
0
0
0
0
0
0
0
0
0
0
0
0
0
0
0
0
0
0
0
0
0
0
0
0
0
0
0
0
0
0
0
0
0
0
0
0
0
0
0
0
0
0
0
0
0
0
0
0
0
0
0
0
0
0
0
0
0
0
0
0
0
0
0
0
0
0
0
0
0
0
0
0
0
0
0
0
0
0
0
0
0
0
0
0
0
0
0
0
0
0
0
0
0
0
0
0
0
0
0
0
0
0
0
0
0
0
0
0
0
0
0
0
0
0
0
0
0
0
0
0
0
0
0
0
0
0
0
0
0
0
0
0
0
0
0
0
0
0
0
0
0
0
0
0
0
0
0
0
0
0
0
0
0
0
0
0
0
0
0
0
0
0
0
0
0
0
0
0
0
0
0
0
0
0
0
0
0
0
0
0
0
0
0
0
0
0
0
0
0
0
0
0
0
0
0
0
0
0
0
0
0
0
0
0
0
0
0
0
0
0
0
0
0
0
0
0
0
0
0
0
0
0
0
0
0
0
0
0
0
0
0
0
0
0
0
0
0
0
0
0
0
0
0
0
0
0
0
0
0
0
0
0
0
0
0
0
0
0
0
0
0
0
0
0
0
0
0
0
0
0
0
0
0
0
0
0
0
0
0
0
0
0
0
0
0
0
0
0
0
0
0
0
0
0
0
0
0
0
0
0
0
0
0
0
0
0
0
0
0
0
0
0
0
0
0
0
0
0
0
0
0
0
0
0
0
0
0
0
0
0
0
0
0
0
0
0
0
0
0
0
0
0
0
0
0
0
0
0
0
0
0
0
0
0
0
0
0
0
0
0
0
0
0
0
0
0
0
0
0
0
0
0
0
0
0
0
0
0
0
0
0
0
0
0
0
0
0
0
0
0
0
0
0
0
0
0
0
0
0
0
0
0
0
0
0
0
0
0
0
0
0
0
0
0
0
0
0
0
0
0
0
0
0
0
0
0
0
0
0
0
0
0
0
0
0
0
0
0
0
0
0
0
0
0
0
0
0
0
0
0
0
0
0
0
0
0
0
0
0
0
0
0
0
0
0
0
0
0
0
0
0
0
0
0
0
0
0
0
0
0
0
0
0
0
0
0
0
0
0
0
0
0
0
0
0
0
0
0
0
0
0
0
0
0
0
0
0
0
0
0
0
0
0
0
0
0
0
0
0
0
0
0
0
0
0
0
0
0
0
0
0
0
0
0
0
0
0
0
0
0
0
0
0
0
0
0
0
0
0
0
0
0
0
0
0
0
0
0
0
0
0
0
0
0
0
0
0
0
0
0
0
0
0
0
0
0
0
0
0
0
0
0
0
0
0
0
0
0
0
0
0
0
0
0
0
0
0
0
0
0
0
0
0
0
0
0
0
0
0
0
0
0
0
0
0
0
0
0
0
0
0
0
0
0
0
0
0
0
0
0
0
0
0
0
0
0
0
0
0
0
0
0
0
0
0
0
0
0
0
0
0
0
0
0
0
0
0
0
0
0
0
0
0
0
0
0
0
0
0
0
0
0
0
0
0
0
0
0
0
0
0
0
0
0
0
0
0
0
0
0
0
0
0
0
0
0

TIME PER ITERATION
0.01658916473388672
0.016176939010620117
0.01596379280090332
0.015784740447998047
0.016198158264160156
0.016028881072998047
0.016490936279296875
0.015552043914794922
0.016520977020263672
0.016273021697998047
0.016302108764648438
0.01598501205444336
0.016440868377685547
0.01598215103149414
0.015958070755004883
0.016397953033447266
0.01632523536682129
0.016174793243408203
0.015972137451171875
0.015928983688354492
0.016308069229125977
0.015566825866699219
0.016043901443481445
0.01581287384033203
0.016049861907958984
0.016343116760253906
0.016690969467163086
0.016315221786499023
0.01589679718017578
0.0158078670501709
0.015783071517944336
0.015954017639160156
0.016489028930664062
0.01604294776916504
0.016049861907958984
0.01595902442932129
0.016582965850830078
0.016123294830322266
0.01640796661376953
0.016288042068481445
0.016160964965820312
0.01590895652770996
0.016082763671875
0.016604900360107422
0.01580500602722168
0.016473054885864258
0.015733957290649414
0.015906810760498047
0.016083955764770508
0.016041994094848633
0.01593494415283203
0.01610112190246582
0.016183853149414062
0.01574397087097168
0.016530990600585938
0.01620006561279297
0.0160372257232666
0.016155242919921875
0.01586771011352539
0.015861034393310547
0.016227006912231445
0.016630172729492188
0.01613593101501465
0.01587820053100586
0.016479015350341797
0.016448020935058594
0.016634702682495117
0.0161740779876709
0.015759706497192383
0.015772342681884766
0.015619993209838867
0.016168832778930664
0.016316890716552734
0.016069889068603516
0.016115903854370117
0.016154050827026367
0.015976905822753906
0.015635967254638672
0.01672196388244629
0.016267061233520508
0.015912771224975586
0.015547990798950195
0.016363143920898438
0.015806913375854492
0.016583919525146484
0.016325950622558594
0.016005992889404297
0.0160980224609375
0.016409873962402344
0.0163729190826416
0.015743017196655273
0.01570606231689453
0.016023874282836914
0.015958070755004883
0.015804290771484375
0.01622796058654785
0.01641392707824707
0.016354084014892578
0.016563892364501953
0.01625823974609375
0.016136884689331055
0.0161740779876709
0.015984773635864258
0.02507495880126953
0.01660895347595215
0.01595592498779297
0.016112089157104492
0.01581096649169922
0.016366243362426758
0.016154766082763672
0.01616501808166504
0.015816926956176758
0.01576995849609375
0.015938997268676758
0.01606297492980957
0.016622066497802734
0.01622796058654785
0.016308069229125977
0.016338109970092773
0.0158541202545166
0.016089916229248047
0.016184091567993164
0.015951871871948242
0.016283035278320312
0.016596078872680664
0.016309022903442383
0.015922069549560547
0.016389846801757812
0.016175031661987305
0.015954017639160156
0.016279220581054688
0.01608872413635254
0.016597986221313477
0.015831708908081055
0.015955209732055664
0.016397953033447266
0.01608109474182129
0.0161893367767334
0.016173124313354492
0.016294002532958984
0.015855789184570312
0.0165860652923584
0.01572108268737793
0.016013145446777344
0.015563011169433594
0.016623258590698242
0.015882015228271484
0.016125917434692383
0.016001224517822266
0.016359806060791016
0.015919923782348633
0.01611804962158203
0.01608586311340332
0.01599907875061035
0.01614689826965332
0.016156911849975586
0.015914201736450195
0.016520023345947266
0.016095876693725586
0.015891075134277344
0.016267061233520508
0.015844106674194336
0.016144990921020508
0.015964269638061523
0.016262292861938477
0.016461849212646484
0.01640605926513672
0.01593494415283203
0.016025781631469727
0.01613903045654297
0.01586008071899414
0.015922069549560547
0.01666998863220215
0.016607999801635742
0.015780210494995117
0.01585984230041504
0.016186952590942383
0.015813112258911133
0.015980005264282227
0.016595840454101562
0.016099929809570312
0.015818119049072266
0.01614999771118164
0.015872955322265625
0.016241788864135742
0.016002178192138672
0.01658487319946289
0.016407012939453125
0.015872955322265625
0.015896081924438477
0.015933990478515625
0.01595282554626465
0.01632833480834961
0.01595592498779297
0.016448020935058594
0.015873193740844727
0.015796899795532227
0.015856266021728516
0.01611804962158203
0.016490697860717773
0.01647186279296875
0.016518354415893555
0.015976905822753906
0.01629805564880371
0.01630687713623047
0.016069889068603516
0.016436100006103516
0.016227006912231445
0.016015291213989258
0.016177892684936523
0.01633906364440918
0.016438007354736328
0.015823841094970703
0.01585102081298828
0.016283035278320312
0.016488075256347656
0.015995025634765625
0.01611495018005371
0.016379117965698242
0.0158998966217041
0.015969038009643555
0.016132831573486328
0.015709877014160156
0.015888214111328125
0.016099929809570312
0.016597270965576172
0.015715837478637695
0.01598215103149414
0.016099929809570312
0.016109228134155273
0.01614689826965332
0.015834808349609375
0.01607203483581543
0.015978097915649414
0.01633000373840332
0.016433000564575195
0.0163729190826416
0.015738248825073242
0.015635013580322266
0.016569137573242188
0.01603412628173828
0.01614999771118164
0.01629781723022461
0.016182899475097656
0.01586008071899414
0.01602482795715332
0.016018152236938477
0.01614212989807129
0.016175031661987305
0.01619100570678711
0.015906095504760742
0.016243934631347656
0.016462087631225586
0.015984773635864258
0.015894174575805664
0.01614212989807129
0.016423940658569336
0.016341209411621094
0.01612687110900879
0.015951156616210938
0.024380922317504883
0.016134977340698242
0.01650404930114746
0.01597118377685547
0.016213655471801758
0.016201257705688477
0.01612401008605957
0.016337156295776367
0.015729904174804688
0.016189098358154297
0.016566991806030273
0.016217947006225586
0.01633596420288086
0.01591014862060547
0.016202926635742188
0.016196012496948242
0.01628589630126953
0.01628398895263672
0.015705108642578125
0.016238689422607422
0.016462087631225586
0.016690969467163086
0.015560150146484375
0.015882015228271484
0.01659393310546875
0.016186952590942383
0.01581573486328125
0.015865087509155273
0.016816139221191406
0.016115903854370117
0.016585826873779297
0.016360998153686523
0.016666889190673828
0.016093015670776367
0.016032934188842773
0.01601576805114746
0.01593804359436035
0.016384124755859375
0.016485929489135742
0.016330957412719727
0.015980005264282227
0.01609182357788086
0.016659021377563477
0.015596866607666016
0.015799999237060547
0.015842914581298828
0.016044139862060547
0.016254186630249023
0.015932321548461914
0.016151905059814453
0.01600193977355957
0.016044139862060547
0.016280174255371094
0.01648402214050293
0.01624298095703125
0.015938758850097656
0.016283273696899414
0.017003774642944336
0.016067028045654297
0.016601085662841797
0.016208171844482422
0.016141891479492188
0.015830039978027344
0.01600193977355957
0.016348838806152344
0.01647210121154785
0.016166210174560547
0.016474008560180664
0.016228199005126953
0.016312122344970703
0.016030073165893555
0.016323089599609375
0.016671180725097656
0.015954971313476562
0.01605510711669922
0.01626873016357422
0.015913009643554688
0.01622486114501953
0.016210079193115234
0.016524076461791992
0.01647186279296875
0.016618013381958008
0.016083955764770508
0.015648841857910156
0.016164064407348633
0.01575303077697754
0.01606297492980957
0.016635894775390625
0.016463041305541992
0.016381025314331055
0.01581573486328125
0.01617884635925293
0.01609206199645996
0.01606297492980957
0.016011953353881836
0.016227006912231445
0.01656484603881836
0.015918254852294922
0.016399145126342773
0.016067028045654297
0.015814781188964844
0.01624298095703125
0.016708850860595703
0.016080141067504883
0.016204118728637695
0.0166168212890625
0.016509056091308594
0.016401052474975586
0.016697168350219727
0.016607046127319336
0.01648688316345215
0.01587390899658203
0.016390323638916016
0.016301631927490234
0.016216039657592773
0.01616215705871582
0.016216754913330078
0.016307830810546875
0.01642894744873047
0.016243934631347656
0.01585698127746582
0.016448974609375
0.01630711555480957
0.015973806381225586
0.015934228897094727
0.015734195709228516
0.016680002212524414
0.016492128372192383
0.015980958938598633
0.016498804092407227
0.01586318016052246
0.01670098304748535
0.01596975326538086
0.016228199005126953
0.01624608039855957
0.016460895538330078
0.01599884033203125
0.01645970344543457
0.01642322540283203
0.0163571834564209
0.016181230545043945
0.01652812957763672
0.016030073165893555
0.01633000373840332
0.016587018966674805
0.01637411117553711
0.016170978546142578
0.01616191864013672
0.015763044357299805
0.016112804412841797
0.016168832778930664
0.016258955001831055
0.015875816345214844
0.015455007553100586
0.016357898712158203
0.01647329330444336
0.015789031982421875
0.02363276481628418
0.016670942306518555
0.01623225212097168
0.01613593101501465
0.016167879104614258
0.01613593101501465
0.016143083572387695
0.01631021499633789
0.016206979751586914
0.015976905822753906
0.01603221893310547
0.016136884689331055
0.01592111587524414
0.01645684242248535
0.016022920608520508
0.01636981964111328
0.0160520076751709
0.016326904296875
0.01673603057861328
0.01594090461730957
0.01598215103149414
0.01609492301940918
0.015993118286132812
0.01625990867614746
0.0158689022064209
0.01650524139404297
0.016160964965820312
0.016144990921020508
0.01667308807373047
0.01655292510986328
0.016132831573486328
0.01589202880859375
0.016666889190673828
0.015763044357299805
0.016185998916625977
0.016485929489135742
0.01643228530883789
0.016276836395263672
0.015913963317871094
0.016115188598632812
0.01643085479736328
0.016410112380981445
0.016695022583007812
0.016047239303588867
0.016244888305664062
0.015879154205322266
0.016473770141601562
0.015586137771606445
0.0164029598236084
0.016704082489013672
0.016221284866333008
0.01617574691772461
0.016219139099121094
0.01662588119506836
0.0163729190826416
0.01639723777770996
0.016458749771118164
0.016027212142944336
0.01643514633178711
0.016359806060791016
0.01648402214050293
0.016318082809448242
0.0159909725189209
0.015913963317871094
0.016382932662963867
0.016216754913330078
0.016169309616088867
0.01631903648376465
0.015891313552856445
0.01596379280090332
0.01664900779724121
0.016353845596313477
0.01662898063659668
0.015687942504882812
0.016618013381958008
0.01620006561279297
0.016125202178955078
0.01622772216796875
0.016228199005126953
0.01602482795715332
0.01613783836364746
0.016678810119628906
0.015801191329956055
0.015913009643554688
0.01669788360595703
0.016488075256347656
0.016438007354736328
0.0162050724029541
0.01661205291748047
0.0157468318939209
0.016173124313354492
0.016191959381103516
0.016045093536376953
0.016041994094848633
0.015855073928833008
0.016705989837646484
0.01628899574279785
0.016104936599731445
0.016443729400634766
0.01657390594482422
0.016243934631347656
0.01606607437133789
0.01648688316345215
0.015910863876342773
0.016511917114257812
0.016656875610351562
0.015980958938598633
0.01592397689819336
0.015869855880737305
0.01631307601928711
0.01583719253540039
0.01616811752319336
0.016447067260742188
0.01619410514831543
0.016170978546142578
0.016078948974609375
0.016395092010498047
0.016185998916625977
0.01572394371032715
0.016152143478393555
0.016164064407348633
0.016221046447753906
0.01579117774963379
0.016405105590820312
0.01645207405090332
0.01606607437133789
0.01639699935913086
0.016175031661987305
0.01625514030456543
0.016019105911254883
0.01599287986755371
0.015904903411865234
0.016333818435668945
0.016263961791992188
0.016280174255371094
0.016047239303588867
0.016093015670776367
0.016201019287109375
0.015798091888427734
0.01649308204650879
0.01605391502380371
0.01618790626525879
0.01665210723876953
0.016144990921020508
0.016244173049926758
0.01604318618774414
0.016618013381958008
0.016241788864135742
0.01626110076904297
0.016459941864013672
0.01636791229248047
0.01605987548828125
0.015945911407470703
0.016295194625854492
0.0164642333984375
0.016121864318847656
0.01592421531677246
0.022752046585083008
0.016228199005126953
0.01571512222290039
0.01631927490234375
0.016137361526489258
0.016484737396240234
0.016291141510009766
0.01575303077697754
0.0166168212890625
0.015955209732055664
0.01666712760925293
0.01648092269897461
0.015961885452270508
0.0160062313079834
0.01617598533630371
0.016342878341674805
0.01594996452331543
0.016093969345092773
0.016245126724243164
0.016227006912231445
0.016284942626953125
0.015943050384521484
0.016108036041259766
0.01623988151550293
0.01674175262451172
0.016527175903320312
0.01632094383239746
0.016021013259887695
0.015924930572509766
0.016438722610473633
0.015983104705810547
0.016168832778930664
0.016738176345825195
0.016389846801757812
0.01666998863220215
0.016375064849853516
0.016170263290405273
0.016019105911254883
0.016267061233520508
0.016531944274902344
0.0162050724029541
0.016038894653320312
0.015854835510253906
0.01656794548034668
0.01638197898864746
0.016399860382080078
0.016155719757080078
0.01607513427734375
0.016604185104370117
0.015913009643554688
0.016139984130859375
0.015758752822875977
0.016595125198364258
0.01672506332397461
0.016482114791870117
0.016155719757080078
0.01582789421081543
0.01597905158996582
0.01644730567932129
0.01655411720275879
0.016081809997558594
0.016634225845336914
0.016224145889282227
0.01634836196899414
0.01633477210998535
0.016132116317749023
0.01621389389038086
0.016104936599731445
0.016691923141479492
0.01626300811767578
0.015863895416259766
0.016170978546142578
0.01649308204650879
0.016244888305664062
0.016232967376708984
0.016180992126464844
0.01655101776123047
0.015642166137695312
0.016559123992919922
0.01588129997253418
0.016664743423461914
0.01620316505432129
0.016275882720947266
0.016190052032470703
0.015922069549560547
0.016695737838745117
0.015967130661010742
0.0161130428314209
0.015893936157226562
0.01662421226501465
0.016427040100097656
0.015620946884155273
0.0160677433013916
0.01570892333984375
0.0165252685546875
0.01623082160949707
0.01621699333190918
0.016644954681396484
0.01564192771911621
0.016664981842041016
0.015663862228393555
0.01652383804321289
0.01637887954711914
0.016256093978881836
0.015789031982421875
0.01633620262145996
0.01636791229248047
0.01593303680419922
0.01605391502380371
0.016031980514526367
0.016163110733032227
0.016297101974487305
0.016176939010620117
0.01660609245300293
0.0155029296875
0.016195058822631836
0.015934228897094727
0.016464948654174805
0.016556978225708008
0.01599287986755371
0.01612401008605957
0.016381263732910156
0.016613245010375977
0.016478776931762695
0.016304731369018555
0.01599431037902832
0.01628422737121582
0.016429901123046875
0.016102075576782227
0.015843868255615234
0.016231298446655273
0.016041994094848633
0.016152143478393555
0.015925884246826172
0.016147136688232422
0.015886783599853516
0.015763044357299805
0.01621389389038086
0.016090869903564453
0.016660213470458984
0.015974044799804688
0.016239166259765625
0.016419172286987305
0.016646146774291992
0.0158689022064209
0.015666961669921875
0.01601099967956543
0.01592707633972168
0.016441822052001953
0.01630115509033203
0.016294002532958984
0.016084909439086914
0.016505002975463867
0.016710996627807617
0.01629185676574707
0.016402006149291992
0.015692949295043945
0.022427082061767578
0.01657700538635254
0.01667618751525879
0.01649188995361328
0.01625800132751465
0.016463041305541992
0.015789031982421875
0.016038894653320312
0.016424179077148438
0.01646709442138672
0.01614689826965332
0.016252994537353516
0.016632795333862305
0.01630425453186035
0.01615285873413086
0.016463279724121094
0.016190767288208008
0.01620626449584961
0.0159912109375
0.016351938247680664
0.01627492904663086
0.0160219669342041
0.016247034072875977
0.016607046127319336
0.0159609317779541
0.016286849975585938
0.01634979248046875
0.015985965728759766
0.01640915870666504
0.01618790626525879
0.016358137130737305
0.016231060028076172
0.01593494415283203
0.01594710350036621
0.01605510711669922
0.016438007354736328
0.016330957412719727
0.01658320426940918
0.016422748565673828
0.016349077224731445
0.016044139862060547
0.01627516746520996
0.016206026077270508
0.016171932220458984
0.016587018966674805
0.016524076461791992
0.015774965286254883
0.015969038009643555
0.015866994857788086
0.01619887351989746
0.01669597625732422
0.016398906707763672
0.016418933868408203
0.01597738265991211
0.016073942184448242
0.01633286476135254
0.016170978546142578
0.015943050384521484
0.016628026962280273
0.016257047653198242
0.01626896858215332
0.015526771545410156
0.015861034393310547
0.015633106231689453
0.01577901840209961
0.01618671417236328
0.01546788215637207
0.01585221290588379
0.015864133834838867
0.016431808471679688
0.016324996948242188
0.016822099685668945
0.01602911949157715
0.01583695411682129
0.01621413230895996
0.016065120697021484
0.015721797943115234
0.016034841537475586
0.015817880630493164
0.015967130661010742
0.016392946243286133
0.016530990600585938
0.01651906967163086
0.01584005355834961
0.015921831130981445
0.016141176223754883
0.016199111938476562
0.016071081161499023
0.01568913459777832
0.01630425453186035
0.016247034072875977
0.01602005958557129
0.01600813865661621
0.0166778564453125
0.01650094985961914
0.01594090461730957
0.016391992568969727
0.01596212387084961
0.015820026397705078
0.01631903648376465
0.016387939453125
0.01593017578125
0.015371084213256836
0.01658010482788086
0.015872955322265625
0.016072988510131836
0.01604318618774414
0.016275882720947266
0.0163421630859375
0.015723228454589844
0.01592278480529785
0.015857219696044922
0.01623082160949707
0.016228914260864258
0.015797138214111328
0.016222000122070312
0.016197681427001953
0.01662611961364746
0.015722990036010742
0.015973329544067383
0.016542911529541016
0.016401052474975586
0.01625800132751465
0.016360044479370117
0.016508817672729492
0.01628589630126953
0.016369104385375977
0.016108989715576172
0.016209125518798828
0.016299009323120117
0.01629471778869629
0.016561031341552734
0.016075849533081055
0.01591014862060547
0.01662278175354004
0.01621103286743164
0.01634502410888672
0.015618085861206055
0.01654982566833496
0.015710830688476562
0.016156911849975586
0.016295194625854492
0.016180038452148438
0.016009807586669922
0.01595902442932129
0.016477108001708984
0.015909671783447266
0.016490936279296875
0.016727209091186523
0.015984773635864258
0.01644110679626465
0.01582169532775879
0.016190290451049805
0.01576709747314453
0.015617132186889648
0.0166168212890625
0.016190052032470703
0.023331165313720703
0.01610112190246582
0.016360998153686523
0.01630377769470215
0.016460180282592773
0.016116857528686523
0.016588211059570312
0.01633906364440918
0.015913963317871094
0.016335010528564453
0.016260147094726562
0.01630377769470215
0.015804767608642578
0.015894174575805664
0.015462160110473633
0.016243934631347656
0.01590704917907715
0.01589512825012207
0.016212940216064453
0.01589822769165039
0.015632152557373047
0.01636791229248047
0.015836238861083984
0.016021013259887695
0.016036033630371094
0.01601099967956543
0.01638507843017578
0.01615309715270996
0.01652216911315918
0.016160011291503906
0.016139984130859375
0.016290903091430664
0.0164642333984375
0.016242027282714844
0.016505002975463867
0.01619696617126465
0.01589798927307129
0.015982866287231445
0.01575493812561035
0.01647472381591797
0.015952110290527344
0.01621079444885254
0.01658010482788086
0.016186952590942383
0.01618790626525879
0.015777111053466797
0.016068696975708008
0.01626896858215332
0.016607999801635742
0.016164779663085938
0.016306161880493164
0.016051769256591797
0.01556706428527832
0.015968799591064453
0.016196012496948242
0.01683187484741211
0.01647210121154785
0.01593494415283203
0.01615285873413086
0.015790224075317383
0.016116857528686523
0.016321659088134766
0.016124963760375977
0.016247987747192383
0.01575613021850586
0.016103029251098633
0.016303062438964844
0.01592707633972168
0.016042709350585938
0.016163110733032227
0.016312122344970703
0.015902996063232422
0.016286134719848633
0.016057729721069336
0.01618814468383789
0.016057968139648438
0.01636672019958496
0.015947818756103516
0.016700267791748047
0.01600480079650879
0.016356229782104492
0.0157778263092041
0.0162203311920166
0.016566753387451172
0.015996217727661133
0.016457080841064453
0.015924930572509766
0.01653313636779785
0.01644301414489746
0.01637125015258789
0.016659975051879883
0.016071081161499023
0.016382217407226562
0.01621699333190918
0.015796899795532227
0.016133785247802734
0.016305208206176758
0.016521930694580078
0.01643514633178711
0.016302108764648438
0.01600480079650879
0.015865087509155273
0.015846967697143555
0.016304731369018555
0.01594376564025879
0.01635599136352539
0.01596212387084961
0.01632976531982422
0.01662921905517578
0.016403913497924805
0.016246795654296875
0.016293048858642578
