BACKTRACKS
25
18
87
22
42
166
21
0
125
67
16
71
77
19
294
108
5
62
105
60
15
24
16
77
41
56
82
36
1
16
16
11
11
36
1
71
11
106
3
19
299
31
58
27
52
59
46
37
26
38
53
64
6
24
184
5
19
46
44
153
38
62
14
13
50
2
7
28
111
16
11
71
26
0
67
23
10
124
35
122
23
8
10
45
12
63
61
37
71
33
2
26
0
17
29
7
3
110
16
22
72
46
170
29
50
41
74
10
26
50
83
16
15
35
6
6
41
86
12
89
34
14
2
35
6
16
40
5
3
23
6
23
5
33
2
75
5
58
35
73
155
43
30
31
46
47
141
32
13
19
13
12
14
3
48
11
14
88
39
50
40
34
1
377
0
18
13
28
29
8
22
23
31
4
80
14
11
15
1
37
0
18
4
4
5
32
12
3
2
1
5
23
21
22
17
75
5
30
56
37
22
6
14
8
53
1
8
1
19
12
31
8
19
22
17
105
38
66
1
34
94
6
10
30
4
27
39
29
7
38
10
11
18
16
84
7
15
45
4
164
38
8
43
26
144
13
4
76
2
3
26
3
12
4
11
26
3
38
18
7
9
33
20
60
1
7
21
16
1
17
30
14
4
31
24
41
17
21
12
31
14
1
11
13
16
1
14
20
4
12
5
15
15
184
32
12
56
14
9
9
26
18
5
20
22
26
3
57
53
21
18
11
5
17
14
73
5
1
0
35
88
12
12
11
32
32
76
1
3
41
11
60
48
0
33
10
16
18
1
32
40
11
45
51
15
23
4
29
98
8
55
21
30
18
44
13
1
13
5
13
4
13
40
14
6
4
11
23
63
14
1
16
1
33
11
9
32
132
16
11
20
20
9
35
18
66
12
33
8
17
24
9
15
0
27
15
4
19
25
24
9
38
8
8
15
17
15
1
6
18
8
15
5
37
15
5
2
12
28
17
15
14
18
13
4
33
35
17
45
3
19
25
1
40
14
24
7
9
14
3
10
61
12
15
9
10
12
2
17
15
23
18
6
55
137
57
18
16
16
4
13
16
30
11
17
0
27
18
3
6
23
6
27
6
57
36
6
5
26
25
8
83
1
4
5
0
1
1
13
38
2
172
20
17
6
38
5
40
26
0

SPEED IN ITERATIONS PER SECOND
100.52672280703571

ASSIGNMENTS
54
40
181
49
88
333
42
6
251
135
40
142
158
38
594
217
10
137
210
121
34
52
35
158
82
113
169
76
9
36
37
25
25
72
4
151
22
215
14
41
604
68
118
55
109
124
92
74
55
81
109
128
15
49
368
14
42
92
97
308
76
125
31
32
100
9
17
61
228
38
25
142
55
3
136
51
24
248
70
244
46
20
27
92
26
126
122
76
143
68
6
58
10
39
58
18
9
227
36
44
145
96
340
63
100
84
155
22
56
105
171
38
32
77
16
19
84
178
29
184
70
29
8
73
15
38
87
12
13
53
23
52
13
68
10
154
15
117
73
147
311
93
66
66
92
95
287
67
29
41
27
28
31
17
98
27
29
182
78
102
80
74
7
758
4
42
29
62
62
18
48
49
69
9
162
32
23
36
4
78
6
39
13
9
13
64
28
10
7
8
16
50
42
51
38
152
14
62
118
76
45
13
29
19
107
7
22
8
40
27
63
19
38
45
37
215
80
134
9
68
190
18
23
66
10
56
87
63
17
81
23
25
36
34
173
17
35
93
12
329
84
16
93
54
297
26
15
157
7
8
54
12
36
13
24
52
10
83
41
21
20
66
41
121
8
15
43
37
6
35
66
29
14
62
52
83
40
43
26
64
29
4
25
31
33
3
32
41
15
28
13
31
35
368
67
25
112
34
19
21
56
40
19
43
52
58
7
114
111
47
42
24
11
36
33
146
16
7
6
72
181
29
27
27
66
65
157
4
8
84
22
123
96
3
66
24
35
41
7
67
81
25
94
105
34
47
14
59
200
21
115
42
64
40
88
31
4
28
12
35
14
30
82
32
17
10
24
46
130
29
5
43
10
66
24
21
66
267
35
22
44
42
23
72
39
137
27
69
18
34
51
21
35
7
56
35
12
42
53
57
24
79
20
18
33
35
32
5
17
43
19
35
13
74
30
18
7
28
60
36
33
28
39
29
15
66
71
36
93
9
38
55
6
80
28
48
19
21
29
9
24
123
31
33
27
22
29
5
36
34
48
38
24
121
275
116
43
36
35
18
32
32
65
25
37
5
54
38
12
23
51
22
56
24
117
74
15
13
56
53
23
167
6
11
16
4
8
6
30
76
9
349
42
34
17
79
18
86
55
5

TIME PER ITERATION
8.694829940795898
7.0471789836883545
19.69970703125
7.690976858139038
8.705638885498047
17.021342992782593
7.767494201660156
5.089739084243774
15.322073698043823
10.782898902893066
6.0468199253082275
10.792874097824097
12.761461973190308
7.625767230987549
42.16872191429138
12.67182993888855
5.636995077133179
7.911275863647461
13.756025075912476
9.600998163223267
7.8835577964782715
6.696622133255005
6.2243640422821045
12.567986965179443
9.473864078521729
9.59242582321167
12.300815105438232
8.589668035507202
5.132824182510376
6.4200661182403564
6.249959945678711
6.65602707862854
6.278986930847168
10.13242483139038
5.288865089416504
13.597015142440796
6.47956395149231
13.263964176177979
5.596008062362671
6.599545240402222
38.73263120651245
8.359676122665405
10.13537311553955
8.0472891330719
8.328995704650879
11.173726797103882
8.63898229598999
9.508145093917847
7.140988826751709
9.07634687423706
9.947521209716797
11.708356857299805
5.773905992507935
8.074963092803955
8.998140811920166
5.614081144332886
6.896796226501465
8.659127950668335
8.248317003250122
13.946117877960205
8.488461017608643
10.397091150283813
6.810287237167358
5.818929195404053
9.482171058654785
5.11573600769043
5.5609190464019775
7.879678010940552
17.451571941375732
7.491524934768677
6.012217044830322
11.04426908493042
7.130698919296265
4.976827144622803
10.70281195640564
6.961358070373535
6.301948070526123
13.665707111358643
8.200280904769897
14.767355918884277
6.932013034820557
5.741729021072388
6.152732849121094
9.918345212936401
6.366810083389282
11.806516885757446
8.601254224777222
9.494801998138428
13.994275093078613
7.003315210342407
5.535703182220459
7.5751941204071045
5.396966218948364
7.014202833175659
7.057870149612427
5.516606092453003
5.7781572341918945
11.090269088745117
6.450639963150024
7.30415415763855
13.231784105300903
9.353307962417603
18.15749192237854
8.838313817977905
9.088310956954956
7.953379154205322
13.256070137023926
6.199695110321045
6.678301811218262
7.022653818130493
11.02934217453003
5.919083118438721
5.856679916381836
8.730817794799805
5.714449882507324
5.559614896774292
7.733170032501221
16.727988243103027
5.749086856842041
10.658393144607544
9.098953008651733
5.976840972900391
5.19936203956604
9.520750045776367
5.398769855499268
5.909003973007202
9.02648401260376
5.36817193031311
5.241034984588623
8.028462886810303
5.267578125
7.842681169509888
5.358355283737183
9.33376932144165
5.110436916351318
12.099184036254883
5.87622594833374
9.889217138290405
9.511953115463257
9.740275144577026
16.810590982437134
7.266829967498779
9.658390045166016
7.089663982391357
7.987504005432129
7.2571117877960205
12.555207252502441
6.746572017669678
6.7895519733428955
6.940316200256348
6.1509199142456055
6.000225067138672
7.338504076004028
5.388162851333618
8.806921243667603
6.0769689083099365
6.195396184921265
10.57949423789978
8.455600023269653
8.923068046569824
8.689841747283936
8.130045890808105
5.280634164810181
61.91695713996887
5.000582933425903
6.921451807022095
5.982763051986694
7.753744125366211
7.6364521980285645
5.67683482170105
6.733090162277222
6.914455890655518
7.745768308639526
5.497209072113037
8.953725099563599
5.85060977935791
6.157786846160889
7.017125844955444
5.180703163146973
8.76293396949768
5.181793689727783
6.568202018737793
5.387042045593262
5.754940748214722
5.821126222610474
7.591667890548706
6.2937891483306885
5.330214738845825
5.32612681388855
5.057507038116455
5.413312196731567
6.56705904006958
7.293715000152588
6.459618091583252
6.3800132274627686
12.820768117904663
5.666007041931152
7.454457998275757
8.124575138092041
9.551651239395142
7.631468057632446
6.561331033706665
6.40803599357605
5.682232141494751
11.544635772705078
5.294701099395752
5.774761915206909
5.298223972320557
7.271619081497192
5.789438247680664
8.938740015029907
5.747912883758545
6.223659038543701
7.597748041152954
6.563766002655029
12.29920482635498
7.693996906280518
10.569053888320923
5.11041784286499
7.858717918395996
12.272176027297974
5.750776052474976
6.0543718338012695
8.556293964385986
5.421912908554077
7.674115180969238
8.843426704406738
8.176373958587646
6.085254907608032
7.844253778457642
5.972872018814087
6.362591028213501
6.6918370723724365
6.186342000961304
7.928909778594971
5.535614013671875
6.4633378982543945
7.166460037231445
5.469671964645386
21.80057716369629
7.94370698928833
6.491131067276001
9.246837139129639
7.265994071960449
14.588780641555786
6.149733066558838
5.470507860183716
10.209107875823975
5.294005870819092
5.4939398765563965
7.471191644668579
5.260680913925171
6.055430173873901
5.880466938018799
6.1524999141693115
7.82770299911499
5.375209093093872
7.459235191345215
6.150502920150757
6.001697063446045
6.836724042892456
8.61492395401001
5.869860887527466
10.341878175735474
5.216537237167358
6.1125648021698
6.609608888626099
5.762858152389526
5.1990461349487305
6.151640176773071
7.508226156234741
5.974956035614014
5.281538963317871
6.9544572830200195
7.448852062225342
7.776809930801392
7.187960624694824
7.045114994049072
6.251240253448486
7.878420829772949
6.457341909408569
5.30020809173584
6.83937406539917
6.655616998672485
6.9342429637908936
5.254441022872925
6.029696941375732
7.339771032333374
5.305248975753784
6.215536832809448
5.61073899269104
6.906733751296997
6.572483062744141
9.02858591079712
7.065115928649902
6.552324056625366
12.768955707550049
6.564937353134155
6.467021703720093
6.081480979919434
8.030706882476807
6.721299886703491
5.559863090515137
7.316103219985962
7.4253089427948
5.8473451137542725
5.2960288524627686
9.720184087753296
7.782537937164307
5.9685797691345215
6.591371059417725
6.062150955200195
5.819293260574341
6.953498125076294
6.227784872055054
7.591866731643677
5.713488817214966
5.136303663253784
5.029173135757446
9.287941217422485
13.780258178710938
6.639668941497803
6.262624025344849
6.7402448654174805
6.748831033706665
7.73455286026001
9.452175855636597
5.308328866958618
5.577790975570679
7.648072957992554
5.832000017166138
10.882232904434204
8.856915950775146
5.1211998462677
7.281355142593384
5.954720973968506
5.99245285987854
6.876083850860596
5.203706979751587
8.994938135147095
8.45030403137207
6.779263019561768
8.569298028945923
9.365294218063354
6.519747018814087
7.513890981674194
5.650537014007568
8.027034044265747
9.105216979980469
5.6198930740356445
6.959398031234741
6.568342924118042
6.619638919830322
6.558294057846069
7.883155822753906
6.4052839279174805
5.302170038223267
7.065435886383057
5.9635009765625
6.517913818359375
5.571883916854858
6.06267523765564
12.975884914398193
6.859897136688232
5.531749963760376
5.5219011306762695
6.334974765777588
7.746689081192017
9.90144681930542
6.716622829437256
5.148280143737793
6.0977630615234375
5.116781949996948
7.665240049362183
5.966771125793457
6.160673141479492
7.274857997894287
13.639966011047363
6.37775731086731
5.963424921035767
6.837453842163086
6.44588303565979
5.741668701171875
8.437291145324707
6.6314661502838135
9.557415962219238
5.798698902130127
6.922398090362549
6.5477049350738525
6.8781068325042725
7.704274892807007
6.16404390335083
6.162815809249878
5.1320860385894775
7.54377293586731
6.677919864654541
5.916234016418457
6.8429529666900635
7.664950132369995
7.174081087112427
6.307878017425537
7.964897155761719
5.906518220901489
6.183505058288574
6.3503098487854
6.545368194580078
6.191039085388184
5.302031755447388
5.62145209312439
7.37994384765625
5.579761981964111
6.822422027587891
5.591373920440674
7.131098031997681
6.750943183898926
5.782107830047607
5.557602167129517
6.064344882965088
8.079495906829834
6.964294195175171
7.403105974197388
6.992953062057495
6.937927007675171
6.250197887420654
5.396900177001953
7.210525989532471
8.22172498703003
6.282652854919434
7.869704246520996
5.4529290199279785
7.661800146102905
7.927245855331421
5.289954900741577
7.779162883758545
6.810448884963989
7.000305891036987
5.585508823394775
6.502810955047607
6.370049715042114
5.294416904449463
6.168009042739868
9.623623132705688
6.064291715621948
6.021119117736816
5.664809942245483
6.384752988815308
5.782649040222168
5.450223922729492
6.5098090171813965
6.952290058135986
7.207660675048828
7.247147798538208
5.56206488609314
10.505415201187134
18.7591290473938
13.480441808700562
6.65164589881897
5.989458084106445
5.965862274169922
5.308160066604614
6.308764934539795
6.05309796333313
6.1291069984436035
5.82842230796814
6.189722061157227
4.881223917007446
6.694409132003784
7.302918910980225
5.14040994644165
5.285239219665527
6.483400106430054
5.372597932815552
7.416917085647583
5.208536148071289
9.134773969650269
6.830004930496216
5.080633878707886
5.125298023223877
7.769283056259155
6.732944011688232
5.961686134338379
16.09199094772339
5.1386518478393555
5.420357942581177
5.7347800731658936
4.914841890335083
4.97747015953064
5.032639026641846
6.525645971298218
8.140974283218384
5.081965684890747
15.287275075912476
7.111155986785889
6.268839120864868
5.249328136444092
6.649543762207031
5.389744997024536
8.25786805152893
7.230934143066406
4.973568916320801
