BACKTRACKS
12
0
86
0
0
64
0
0
0
173
10
0
12
27
0
87
0
0
0
0
0
17
134
0
16
265
21
130
0
0
14
0
16
0
293
773
4
86
0
29
2847
0
0
27
94
251
0
0
559
100
0
0
23
0
81
51
0
0
70
296
808
0
10
0
0
44
0
149
0
0
231
24
33
885
0
0
0
0
214
10
171
205
0
150
0
15
15
0
0
10
65
45
148
0
0
125
10
29
48
0
0
0
56
29
0
0
0
890
1180
0
9
0
114
0
141
4
16
0
18
47
33
116
784
19
188
319
0
70
70
211
22
52
12
185
0
0
25
0
22
48
47
243
2
49
0
140
0
591
104
0
0
41
18
154
3
0
202
322
118
0
0
0
0
613
0
57
61
28
279
0
0
201
46
0
51
28
11
95
113
0
13
1427
0
0
0
41
0
30
0
88
1907
54
19
16
54
0
9
210
295
313
0
0
15
0
7
76
19
113
18
29
0
181
24
52
53
616
72
0
0
88
614
0
0
11
0
18
28
0
34
25
13
24
0
28
72
0
57
0
236
0
0
0
74
68
340
86
2
0
0
129
19
289
0
71
0
63
0
0
309
721
16
231
58
0
5
0
64
57
431
34
0
22
26
5
18
0
503
27
0
27
122
44
282
23
14
0
29
351
76
0
21
36
801
0
8
0
26
6
85
367
14
305
0
33
27
76
87
14
0
13
62
60
0
89
159
0
0
0
77
155
187
326
330
0
656
182
0
19
57
71
217
0
916
0
552
70
82
13
921
13
0
17
0
0
17
0
175
513
0
0
83
24
0
0
12
23
60
0
87
0
13
227
0
17
221
0
0
139
16
35
97
3
7
85
1
0
83
0
2
0
15
0
0
0
15
25
152
209
0
150
64
24
425
59
33
117
87
0
127
473
0
124
17
22
147
127
0
15
18
49
0
21
3
81
186
185
33
26
231
25
45
27
3
261
132
5
155
0
62
21
19
0
190
2
56
10
0
24
0
0
27
397
881
66
75
101
74
4
18
0
192
1172
0
66
100
49
227
83
8
31
32
0
28
55
73
22
294
124
0
18
19
7
297
110
75
27
21
50
55
0
297
233
380
11
38
726
14
23
35
0
39
80
0
56
393
63
259
0
304
14
0
0
3007
98
89
190
14
53
0
40
251
0
0
423
212
0
40
24
73
25
0
3
0
0
0
35
0
238
147
49
37
31
90
30
14
4
714
34
61
18
21
39
1
36
203
18
23
89
118
8
167
23
91
8
5
326
146
0
0
0
0
0
192
0
109
50
1
70
8
0
99
77
225
24
30
111
0
101
15
923
5
0
76
7
95
299
11
26
35
143
221
1110
0
24
50
24
0
75
13
37
0
11
166
21
94
77
57
25
11
124
20
15
237
0
240
56
28
8
15
80
0
51
0
120
0
29
58
4
124
0
50
130
7
23
17
10
55
32
21
21
79
14
0
0
0
31
19
598
470
13
10
0
108
1040
0
1149
0
145
236
17
9
621
239
58
0
248
4
115
8
18
44
23
0
45
6
168
130
0
398
11
92
0
0
383
15
37
1340
318
13
995
95
58
28
302
325
54
258
104
0
9
43
318
126
92
37
28
1126
0
102
58
0
15
17
66
9
31
0
0
55
0
27
341
89
76
34
11
13
46
285
16
182
99
55
75
337
0
21
6
258
133
35
63
0
41
69
49
553
65
137
198
303
58
23
139
0
200
37
223
226
121
59
18
223
794
139
664
9
12
0
49
250
115
115
0
385
0
290
45
28
95
154
12
109
68
83
124
15
41
59
56
345
0
0
46
0
152
1327
91
0
34
28
107
182
1268
32
75
59
71
180
538
141
52
419
0
0
0
0
27
78
56
269
52
10
144
525
27
0
43
156
40
127
0
22
36
0
1090
0
65
0
99
7
42
269
86
160
23
55
54
0
224
81
223
12
8
28
33
26
800
30
111
49
319
146
16
90
384
66
129
23
61
16
29
171
43
41
91
62
42
3
31
168
357
15
21
0
32
246
0
68
13
225
10
33
37
40
559
208
24
0
21
29
115
520
247
521
60
171
99
33
323
87
85
22
145
57
31
0
42
0
123
19
154
29
476
96
7
60
32
65
6
83
184
148
65
65
46
15
0
262
18
182
36
0
263
103
0
79
31
756
0
124
195
222
75
69
34
110
17
25
45
96
225
4
172
83
33
233
17
214
246
169
70
102
25
281
49
21
60
107
22
272
605
36
173
21
111
14
95
30
287
0
837
28
38
133
17
30
41
11
163
136
396
138
38
25
48
65
0
27
22
237

SPEED IN ITERATIONS PER SECOND
0.07627083418054471

ASSIGNMENTS
29
0
192
0
0
139
0
0
0
378
2705
0
39
68
26
189
0
0
0
0
0
38
289
0
39
536
52
319
0
0
36
0
37
0
588
1562
11
179
0
59
5715
0
0
64
209
519
0
0
1133
216
0
0
55
0
176
152
0
0
175
609
1619
0
28
0
0
123
0
333
0
0
492
69
86
1786
0
0
0
0
438
35
366
446
0
321
0
35
30
0
10
42
148
98
303
0
0
253
29
78
109
0
0
0
127
69
0
0
0
1798
2381
0
33
0
235
0
285
15
34
0
38
99
68
257
1606
46
382
674
0
156
148
441
53
106
36
375
0
0
58
0
53
112
96
518
27
105
0
288
0
1192
221
0
0
97
59
328
9
0
411
646
251
0
0
0
0
1246
0
125
127
56
575
0
0
411
107
0
129
58
31
199
237
0
41
2858
0
0
0
117
0
65
0
177
3837
114
57
52
115
0
24
430
605
645
0
0
63
0
17
162
59
252
42
62
0
369
58
105
115
1250
159
0
0
186
1244
0
0
30
0
48
67
0
79
59
38
70
0
83
167
0
121
0
493
15
0
0
155
146
692
215
31
0
0
271
49
597
0
171
7
130
0
0
633
1454
42
476
154
0
23
0
155
117
891
76
0
48
59
12
48
0
1014
65
0
69
268
125
570
48
32
0
71
715
166
0
47
76
1610
0
18
0
54
31
190
734
36
617
0
74
57
168
188
37
0
51
137
128
0
186
334
35
0
0
158
318
403
655
664
0
1328
369
11
49
119
144
441
0
1859
0
1120
155
167
53
1857
37
0
44
0
0
34
0
360
1053
0
0
188
50
0
0
39
60
126
0
175
0
50
475
0
63
466
0
28
304
39
83
201
7
17
191
20
0
183
0
4
0
40
0
0
0
45
66
316
425
0
315
167
61
866
144
77
244
204
0
260
979
0
253
43
47
311
264
0
33
61
124
0
79
9
174
376
376
83
55
473
63
93
91
6
541
276
33
328
0
136
48
51
0
391
11
131
22
0
59
0
0
54
816
1780
133
163
226
151
10
47
0
403
2352
0
136
208
115
465
169
17
67
74
0
64
144
167
53
603
272
0
40
51
22
610
231
152
54
55
125
123
0
604
481
782
31
109
1466
29
50
105
0
88
164
0
136
825
146
524
0
621
43
0
0
6034
217
195
401
30
107
0
97
521
0
0
850
431
0
87
51
152
61
0
34
0
0
0
73
0
496
301
99
80
71
188
74
38
12
1428
73
123
45
48
84
16
85
411
57
51
180
261
16
340
64
193
19
10
681
310
23
0
0
0
0
410
0
224
112
11
146
26
0
207
171
472
50
65
236
0
221
33
1862
44
0
155
14
204
616
36
54
96
298
447
2248
0
84
110
63
0
161
42
93
0
26
361
43
203
181
146
51
35
278
43
60
476
0
507
125
61
42
36
179
0
114
0
258
0
59
125
20
249
0
113
274
22
55
42
20
123
73
44
70
161
46
0
0
0
76
44
1200
971
33
27
0
226
2090
0
2314
0
304
482
38
31
1257
489
130
0
501
21
231
27
45
96
52
12
101
22
354
295
0
819
28
186
0
0
773
40
92
2698
651
31
2000
191
133
80
636
668
146
527
239
0
29
87
650
256
199
94
67
2261
0
219
120
0
35
46
146
32
63
0
0
118
0
73
696
193
161
84
77
37
110
570
44
390
209
119
165
681
12
48
16
525
281
84
131
0
103
145
107
1121
144
294
405
613
127
53
296
0
417
82
452
466
246
144
46
451
1609
278
1333
20
29
0
116
511
235
231
0
795
0
604
116
76
205
345
26
222
153
169
250
48
95
134
161
695
0
0
100
0
317
2674
191
0
96
77
233
370
2552
82
158
123
146
378
1089
292
125
875
0
0
0
0
58
184
119
541
112
36
290
1082
67
0
104
330
91
254
0
52
77
0
2212
0
146
0
208
26
99
542
178
355
64
117
108
0
458
178
456
29
33
70
85
58
1607
71
230
107
639
299
40
190
775
140
272
68
127
47
68
351
91
83
195
132
96
15
74
349
723
36
57
0
85
492
0
148
50
472
35
78
85
88
1131
429
70
0
48
81
235
1047
522
1065
160
357
221
70
647
175
170
62
293
117
90
0
85
0
261
47
316
63
972
214
16
124
87
149
22
169
370
304
152
171
98
47
0
529
45
380
101
0
551
233
0
165
77
1535
0
257
399
454
164
151
102
243
42
61
97
214
470
28
369
172
98
494
39
437
496
348
141
225
78
577
114
67
120
240
49
563
1224
102
364
51
228
33
199
66
594
0
1688
73
96
283
45
77
102
31
329
285
804
276
86
68
105
138
0
56
55
489
