BACKTRACKS
0
0
7
0
0
2
0
0
0
1
1
0
1
2
1
6
0
0
0
0
0
1
1
0
1
4
0
3
0
0
1
0
1
0
3
4
0
0
0
0
16
0
0
0
2
3
0
0
1
1
0
0
2
0
1
2
0
0
2
1
0
0
1
0
0
2
0
6
0
0
9
1
1
2
0
0
0
0
0
0
9
2
0
5
0
0
0
0
0
0
4
2
0
0
0
5
1
1
5
0
0
0
3
0
0
0
0
1
7
0
2
0
1
0
2
0
1
0
13
1
1
5
10
0
1
1
0
3
3
2
2
2
2
0
0
0
3
0
7
0
0
1
1
0
0
2
0
3
2
0
0
1
0
4
0
0
0
2
0
0
0
0
0
3
0
1
6
0
1
0
0
5
4
0
0
1
2
1
2
0
1
0
0
0
0
0
0
2
0
3
1
0
0
0
1
0
0
2
2
8
0
0
2
0
0
3
0
6
2
0
0
4
0
2
3
10
1
0
0
2
4
0
0
1
0
2
0
0
1
1
3
5
0
1
1
0
0
0
11
2
0
0
1
0
5
5
1
0
0
0
3
3
0
0
1
3
0
0
2
2
2
10
4
0
0
0
0
1
6
0
0
1
1
1
2
0
1
1
0
2
3
4
9
1
0
0
0
1
0
0
1
11
2
0
1
0
1
0
1
7
1
1
0
0
0
2
3
4
0
1
3
0
0
0
5
2
0
0
2
4
1
0
6
0
17
1
1
0
3
0
1
0
7
0
0
1
2
5
1
0
0
0
0
0
2
0
3
37
0
0
1
2
0
0
1
0
3
0
1
0
0
3
0
2
0
0
2
10
0
2
1
1
1
2
0
0
3
0
0
0
0
0
0
0
2
1
4
4
0
2
4
1
3
1
0
22
0
0
1
2
0
0
1
2
1
5
0
2
2
1
0
2
1
0
3
4
3
2
8
3
0
2
1
0
3
2
2
0
1
1
0
0
5
0
5
0
0
1
0
0
1
5
7
5
13
1
2
1
4
0
4
0
0
1
0
1
1
4
1
7
0
0
2
1
0
1
9
1
0
0
2
0
3
2
3
1
0
0
2
0
0
1
0
1
2
1
0
5
0
0
2
1
0
3
5
0
5
0
1
3
0
0
4
0
8
2
2
3
0
1
1
0
0
1
1
0
3
1
4
3
0
1
0
0
0
1
0
3
1
2
1
3
4
0
1
0
2
5
1
1
2
1
0
3
2
2
1
0
1
1
5
1
3
2
1
0
5
0
0
0
0
0
1
0
0
0
1
2
1
0
3
0
1
0
1
3
0
6
0
23
2
0
2
1
17
5
0
0
3
3
1
19
0
1
1
4
0
3
1
1
0
1
1
1
2
2
1
6
0
6
0
7
2
0
2
7
0
3
1
3
0
1
0
8
0
1
0
0
0
0
4
0
1
1
1
1
0
1
1
1
1
0
0
0
0
0
1
1
24
0
0
0
0
5
0
3
0
1
3
0
4
3
2
2
0
1
1
6
1
1
3
1
1
4
0
6
4
0
1
1
1
0
0
0
1
5
4
6
1
1
3
1
4
4
7
2
2
0
0
0
4
5
0
0
1
3
0
0
1
2
0
8
4
0
1
0
0
0
1
0
1
1
1
3
1
3
2
2
0
1
5
3
0
3
2
0
2
0
1
0
1
1
0
2
4
3
2
2
3
0
2
0
2
11
0
1
0
0
1
3
10
0
4
3
1
23
1
0
0
0
9
3
4
0
8
0
10
3
0
5
6
0
1
1
1
0
5
1
2
12
2
0
0
0
0
2
15
0
0
1
0
1
1
1
6
7
0
0
2
5
3
2
14
0
0
0
0
1
3
6
2
2
1
0
10
1
0
0
1
0
4
0
5
6
0
1
0
1
0
3
0
6
0
2
9
0
4
3
0
0
1
3
4
1
8
3
0
40
2
1
1
4
3
0
5
0
1
1
0
1
1
3
11
4
0
0
3
2
0
1
11
6
0
0
0
3
0
0
3
3
1
1
1
1
2
9
7
1
0
1
0
5
5
5
5
0
2
8
1
6
0
3
0
3
3
2
0
4
0
0
4
2
1
7
1
1
1
2
0
0
1
1
0
7
2
7
1
0
7
2
4
3
0
1
3
0
1
0
2
0
8
0
1
1
4
5
0
1
0
1
3
2
0
1
6
0
3
0
5
5
9
4
2
1
6
4
2
2
8
0
1
4
18
2
1
0
3
0
1
2
0
34
1
4
4
0
0
0
6
2
1
2
4
1
0
0
0
0
1
0
0

SPEED IN ITERATIONS PER SECOND
0.1311770337777531

ASSIGNMENTS
1
0
15
0
0
6
0
0
0
4
5
0
2
4
2
16
0
0
0
0
0
3
3
0
4
11
2
7
0
0
2
0
2
0
7
9
1
1
0
1
33
0
0
1
4
8
0
0
3
3
0
0
4
0
2
7
0
0
4
3
2
0
3
0
0
5
0
15
0
0
22
2
3
6
0
0
0
0
4
1
20
6
0
12
0
1
1
0
1
1
10
5
1
0
0
10
3
3
11
0
0
0
7
1
0
0
0
4
15
0
6
0
3
0
4
1
2
0
26
4
2
10
21
1
3
4
0
8
6
5
5
5
5
3
0
0
8
0
15
1
1
3
2
1
0
5
0
7
5
0
0
3
3
11
1
0
1
5
2
0
0
0
0
10
0
6
13
2
4
0
0
13
8
0
2
3
5
2
6
0
3
2
0
0
0
2
0
4
0
10
5
1
1
1
2
0
2
6
6
17
0
0
4
0
1
6
1
15
4
3
0
10
1
7
6
22
2
0
0
7
9
0
0
2
0
5
1
0
2
2
6
11
0
3
3
0
2
0
22
5
0
0
2
2
11
10
4
0
0
1
6
8
0
1
2
6
0
0
5
7
6
21
10
0
1
0
1
3
13
2
0
2
2
2
4
0
4
2
0
5
7
9
21
3
2
0
1
2
2
0
3
22
5
0
3
0
4
1
3
15
5
2
0
1
2
5
8
8
0
2
7
2
0
1
10
4
0
0
4
8
2
2
13
0
37
3
2
2
7
1
3
0
15
0
1
3
4
10
2
1
0
1
0
0
4
0
6
74
0
0
2
4
0
0
4
2
7
0
3
0
2
7
0
4
3
0
5
22
2
6
5
2
2
4
1
0
7
0
1
0
1
0
0
0
4
3
9
8
0
6
9
3
8
4
1
45
1
0
5
5
0
2
2
5
3
12
0
4
4
2
0
5
2
5
8
9
7
6
17
6
1
4
2
1
7
4
7
0
5
4
1
0
13
1
13
1
0
2
0
0
2
10
17
10
26
4
6
3
8
0
9
1
0
4
2
2
3
9
2
15
3
0
6
3
1
4
19
5
0
1
6
1
7
5
9
2
1
1
7
0
3
4
4
2
8
3
1
12
2
0
5
4
0
6
12
2
14
0
3
7
0
0
10
2
17
5
6
6
0
2
3
0
0
4
6
0
7
4
8
8
0
3
0
0
0
3
0
6
3
4
2
8
9
2
2
1
5
11
3
3
4
4
1
6
5
4
3
1
4
2
11
2
8
4
3
3
11
2
0
0
0
0
3
0
1
1
3
4
2
0
10
1
3
1
2
9
0
14
1
49
5
0
5
3
35
11
2
1
6
8
5
40
0
3
3
8
0
8
4
5
0
3
4
3
4
5
4
12
1
12
2
14
6
0
4
15
1
6
2
6
0
6
0
17
0
3
1
1
3
0
9
3
3
3
2
2
1
6
2
4
2
1
0
0
0
2
4
3
49
1
1
0
3
11
0
8
0
4
8
1
8
8
5
6
0
3
2
13
2
4
6
2
2
9
1
13
10
0
4
2
3
0
0
2
4
10
9
14
3
5
8
4
8
9
15
5
5
3
0
1
9
12
1
1
3
7
1
0
3
4
0
17
10
2
2
1
0
0
5
0
2
4
3
6
2
7
4
5
1
2
10
7
2
6
6
1
5
3
4
2
3
5
0
4
9
8
8
4
6
2
8
2
5
24
0
3
3
1
6
7
21
2
12
7
4
48
2
1
0
4
19
8
8
0
18
0
21
7
1
11
14
1
3
4
4
2
11
2
7
26
5
0
0
1
0
5
32
1
0
4
1
7
3
6
12
15
1
2
6
14
8
8
30
0
0
0
0
2
8
14
6
4
4
1
21
5
0
3
4
3
9
0
11
12
0
4
0
2
0
7
1
12
1
7
19
2
8
7
0
1
2
6
9
2
18
7
1
80
6
5
3
10
7
1
12
2
3
3
2
3
3
7
25
9
2
2
8
4
1
2
23
13
1
3
0
6
1
0
6
7
4
3
2
2
5
19
15
2
0
4
1
10
11
10
13
2
5
18
3
13
2
8
2
7
7
4
0
8
0
2
8
5
3
16
5
4
4
7
4
1
5
3
2
16
7
16
3
0
17
4
10
8
0
3
6
0
3
1
6
0
17
1
4
4
8
10
2
2
1
3
6
4
1
3
12
1
9
1
13
13
18
9
4
2
12
11
4
5
18
1
4
11
39
5
2
3
6
2
4
7
0
69
5
9
9
1
4
2
14
6
2
5
9
3
1
1
5
0
3
1
4
