BACKTRACKS
0
0
3
0
0
2
0
0
0
0
10
0
1
1
0
3
0
0
0
0
0
1
16
0
0
0
0
6
0
0
0
0
0
0
2
20
0
0
0
3
9
0
0
5
15
2
0
0
14
1
0
0
0
0
14
22
0
0
1
3
21
0
0
0
0
6
0
12
0
0
3
2
8
40
0
0
0
0
5
0
1
3
0
0
0
2
0
0
0
1
4
1
2
0
0
9
2
8
7
0
0
0
0
2
0
0
0
8
1
0
1
0
0
0
0
1
0
0
2
1
1
5
5
0
2
11
0
2
1
8
1
4
2
1
0
0
8
0
4
1
2
1
2
0
0
4
0
3
3
0
0
1
0
0
0
0
0
1
0
0
0
0
0
4
0
2
0
1
1
0
0
10
1
0
5
0
0
6
1
0
0
14
0
0
0
8
0
0
0
2
4
2
3
4
0
0
0
2
5
0
0
0
0
0
1
4
3
3
0
2
0
6
0
1
0
11
1
0
0
2
22
0
0
1
0
2
0
0
0
1
1
2
0
0
15
0
3
0
1
0
0
0
1
3
3
4
2
0
0
1
2
0
0
8
0
2
0
0
30
14
2
6
4
0
1
0
7
3
25
1
0
0
6
0
2
0
0
1
0
5
2
1
5
4
0
0
0
2
1
0
0
0
1
0
3
0
0
1
0
2
0
1
0
1
0
6
3
3
0
0
1
0
0
2
2
0
0
0
0
5
12
0
5
0
5
6
0
0
3
4
4
0
8
0
0
15
1
3
1
1
0
1
0
0
1
0
1
0
0
0
6
2
0
0
1
1
0
0
1
0
1
0
0
1
4
0
1
2
1
1
4
0
2
6
1
0
2
0
0
0
1
0
0
0
1
0
5
1
0
1
19
1
12
0
1
0
0
0
0
2
0
0
0
0
2
3
0
2
2
8
0
1
1
0
1
5
0
0
3
0
4
0
1
2
3
2
8
0
0
0
0
0
0
1
2
1
0
0
0
0
0
3
4
6
16
3
9
1
0
0
4
56
0
8
4
0
7
3
1
0
0
0
9
7
2
0
0
1
0
3
0
1
7
2
1
3
1
2
2
0
12
6
22
2
2
1
0
1
3
0
7
2
0
1
3
0
11
0
3
0
0
0
37
1
16
4
5
7
0
5
18
0
0
4
11
0
3
2
3
4
0
3
0
0
0
0
0
0
1
2
1
1
2
0
0
1
9
6
6
2
1
2
1
7
2
0
3
0
4
0
3
1
4
0
1
2
8
1
0
0
0
0
6
0
17
2
0
2
0
0
8
0
1
1
0
1
0
7
1
20
1
0
3
0
2
5
1
6
4
0
16
8
0
1
0
9
0
4
1
0
0
0
4
0
1
2
0
1
0
10
2
2
2
0
8
3
3
2
0
1
0
1
0
7
0
1
0
1
2
0
1
7
0
1
5
1
3
2
0
6
1
1
0
0
0
4
2
8
3
1
3
0
4
7
0
10
0
3
5
0
3
1
0
2
0
0
1
4
1
1
0
0
0
3
1
11
6
0
8
1
5
0
0
8
1
2
20
15
1
42
1
2
6
0
3
1
4
41
0
1
2
13
3
6
3
1
2
0
2
1
0
5
0
3
1
3
0
0
0
0
3
2
1
1
0
8
2
0
9
2
3
2
4
1
15
2
0
3
9
1
2
4
0
11
0
1
7
2
1
6
2
5
3
11
0
29
3
4
4
2
2
0
2
10
1
15
1
1
0
1
6
1
12
0
18
0
4
11
0
0
1
1
5
4
11
0
0
0
6
16
5
0
0
1
0
1
33
5
0
1
1
0
1
3
5
1
5
2
1
0
4
7
20
0
0
0
0
1
1
1
2
1
0
0
14
5
0
2
3
3
3
0
0
1
0
7
0
1
0
9
0
2
1
9
6
0
0
1
0
0
2
3
1
0
2
0
0
3
0
1
0
5
0
1
2
9
1
1
5
0
0
0
10
2
5
13
0
1
0
0
17
1
0
2
0
2
6
0
4
1
11
1
0
13
1
23
6
0
0
3
4
3
2
35
2
0
3
4
0
9
6
2
2
5
2
5
0
3
0
8
0
2
2
13
7
1
1
2
1
1
7
4
2
7
7
1
4
0
5
1
2
4
0
2
12
0
0
2
15
0
15
6
1
2
3
4
0
1
2
2
9
2
1
5
55
4
3
0
4
12
4
4
9
1
1
3
3
1
5
4
0
3
7
5
1
5
2
1
5
0
0
16
1
2
14
1
3
1
0
1
0
6
5
3
1
0
6
0
1
3
7

SPEED IN ITERATIONS PER SECOND
0.1336650424737706

ASSIGNMENTS
1
0
11
0
0
4
0
0
0
3
21
0
2
5
2
9
0
0
0
0
0
5
32
0
2
2
1
18
0
0
1
0
2
0
4
45
1
1
0
9
25
0
0
10
35
9
0
0
29
4
0
0
2
0
31
46
0
0
4
8
48
0
2
0
0
12
0
27
0
0
10
5
16
81
0
0
0
0
10
1
2
9
0
1
0
4
1
0
2
5
9
3
5
0
0
22
4
17
16
0
0
0
1
4
0
0
0
18
6
0
3
0
1
0
1
2
1
0
7
4
3
11
15
2
4
24
0
9
3
17
4
10
4
5
0
0
16
0
10
6
6
3
4
1
0
9
0
12
8
0
0
4
4
5
1
0
3
5
1
0
0
0
0
10
0
7
3
2
5
0
0
22
9
0
13
1
1
13
6
0
2
34
0
0
0
18
0
2
0
6
8
4
6
10
1
0
2
5
11
3
0
0
1
0
3
8
6
13
1
7
0
13
2
3
1
26
2
0
0
6
50
0
0
3
0
7
2
0
2
4
5
7
0
1
32
0
9
0
4
3
0
0
3
6
11
9
6
0
0
5
6
5
0
25
1
5
0
0
62
32
6
13
9
0
3
0
17
8
52
2
0
1
14
1
6
0
3
3
0
10
5
5
10
8
1
0
1
5
4
0
1
2
5
0
6
0
2
2
5
7
1
3
0
4
4
17
14
7
0
1
2
2
0
8
9
4
0
0
2
10
28
1
16
0
18
14
1
2
6
8
11
0
18
0
3
34
3
7
3
3
0
2
0
0
2
0
3
3
0
0
13
6
0
0
2
3
2
0
2
0
5
1
0
2
15
0
3
8
2
6
9
1
4
16
2
0
5
0
1
0
2
0
0
0
3
1
15
2
0
3
40
4
31
2
2
6
2
0
3
11
0
3
1
3
5
9
0
5
7
21
0
3
2
4
5
11
2
1
10
2
10
4
2
5
6
4
19
0
1
2
1
0
7
2
6
2
0
1
0
0
1
7
15
12
34
11
20
2
1
0
9
116
0
17
10
2
14
7
3
2
2
0
18
17
8
3
4
6
0
6
4
3
17
5
4
8
4
10
7
0
25
14
50
4
7
3
1
2
10
0
16
6
0
2
11
4
27
0
8
3
0
0
76
4
34
8
14
15
0
14
36
0
0
9
25
0
6
4
6
10
0
6
0
0
0
2
0
6
4
5
5
5
5
2
4
2
20
13
16
5
3
5
2
17
9
1
7
3
13
1
10
3
9
1
2
10
17
4
0
0
0
0
13
0
38
6
1
7
2
0
17
1
9
2
2
4
0
21
2
43
4
0
6
1
5
11
3
13
10
3
35
24
0
6
1
22
0
8
3
3
0
3
13
2
5
5
5
3
1
23
4
7
6
0
19
7
9
7
1
5
0
6
0
16
0
6
1
2
4
0
5
14
2
6
10
2
7
8
3
12
3
2
0
0
0
8
4
19
8
5
7
0
10
21
0
24
0
7
10
2
7
4
2
10
0
2
2
11
2
3
4
1
1
8
2
22
13
0
17
2
12
0
0
19
4
6
42
30
2
88
4
4
12
3
10
3
12
84
0
3
5
30
7
12
11
5
9
0
13
4
0
12
3
7
2
7
0
0
1
0
9
6
4
7
2
17
6
4
20
4
8
6
11
8
33
5
1
6
18
4
4
8
0
29
2
5
19
8
6
18
7
12
6
23
0
60
9
8
11
4
7
3
9
24
4
35
2
3
0
4
17
7
26
0
38
0
13
25
1
4
7
2
12
11
23
2
1
2
13
35
10
0
0
3
0
6
70
11
0
5
3
1
4
13
12
5
11
6
6
6
8
15
43
0
0
0
0
2
3
4
6
2
3
3
31
12
0
5
8
6
6
0
1
5
0
16
0
4
0
18
1
5
5
21
19
2
3
3
0
3
5
7
4
1
7
1
2
11
2
4
2
15
1
2
6
22
4
2
12
3
1
2
22
6
11
27
7
3
2
1
38
8
1
6
0
5
16
0
12
3
24
5
2
26
2
46
16
1
0
9
8
7
7
71
11
5
12
8
3
21
14
4
4
13
10
19
0
10
0
16
2
8
7
29
17
3
6
4
4
2
19
8
7
14
18
3
8
0
11
3
7
11
0
6
24
0
5
7
33
0
31
15
6
4
6
10
4
2
4
6
20
4
3
10
110
12
6
2
10
28
13
11
22
3
4
10
6
3
14
8
3
9
16
14
4
10
5
6
10
3
0
32
3
5
33
2
7
5
1
4
1
16
13
7
2
1
13
0
4
7
17
