BACKTRACKS
0
0
0
0
0
0
0
0
0
0
0
0
0
0
0
0
0
0
0
0
0
0
0
0
0
0
0
0
0
0
0
0
0
0
0
0
0
0
0
0
0
0
0
0
0
0
0
0
0
0
0
0
0
0
0
0
0
0
0
0
0
0
0
0
0
0
0
0
0
0
0
0
0
0
0
0
0
0
0
0
0
0
0
0
0
0
0
0
0
0
0
0
0
0
0
0
0
0
0
0
0
0
0
0
0
0
0
0
0
0
0
0
0
0
0
0
0
0
0
0
0
0
0
0
0
0
0
0
0
0
0
0
0
0
0
0
0
0
0
0
0
0
0
0
0
0
0
0
0
0
0
0
0
0
0
0
0
0
0
0
0
0
0
0
0
0
0
0
0
0
0
0
0
0
0
0
0
0
0
0
0
0
0
0
0
0
0
0
0
0
0
0
0
0
0
0
0
0
0
0
0
0
0
0
0
0
0
0
0
0
0
0
0
0
0
0
0
0
0
0
0
0
0
0
0
0
0
0
0
0
0
0
0
0
0
0
0
0
0
0
0
0
0
0
0
0
0
0
0
0
0
0
0
0
0
0
0
0
0
0
0
0
0
0
0
0
0
0
0
0
0
0
0
0
0
0
0
0
0
0
0
0
0
0
0
0
0
0
0
0
0
0
0
0
0
0
0
0
0
0
0
0
0
0
0
0
0
0
0
0
0
0
0
0
0
0
0
0
0
0
0
0
0
0
0
0
0
0
0
0
0
0
0
0
0
0
0
0
0
0
0
0
0
0
0
0
0
0
0
0
0
0
0
0
0
0
0
0
0
0
0
0
0
0
0
0
0
0
0
0
0
0
0
0
0
0
0
0
0
0
0
0
0
0
0
0
0
0
0
0
0
0
0
0
0
0
0
0
0
0
0
0
0
0
0
0
0
0
0
0
0
0
0
0
0
0
0
0
0
0
0
0
0
0
0
0
0
0
0
0
0
0
0
0
0
0
0
0
0
0
0
0
0
0
0
0
0
0
0
0
0
0
0
0
0
0
0
0
0
0
0
0
0
0
0
0
0
0
0
0
0
0
0
0
0
0
0
0
0
0
0
0
0
0
0
0
0
0
0
0
0
0
0
0
0
0
0
0
0
0
0
0
0
0
0
0
0
0
0
0
0
0
0
0
0
0
0
0
0
0
0
0
0
0
0
0
0
0
0
0
0
0
0
0
0
0
0
0
0
0
0
0
0
0
0
0
0
0
0
0
0
0
0
0
0
0
0
0
0
0
0
0
0
0
0
0
0
0
0
0
0
0
0
0
0
0
0
0
0
0
0
0
0
0
0
0
0
0
0
0
0
0
0
0
0
0
0
0
0
0
0
0
0
0
0
0
0
0
0
0
0
0
0
0
0
0
0
0
0
0
0
0
0
0
0
0
0
0
0
0
0
0
0
0
0
0
0
0
0
0
0
0
0
0
0
0
0
0
0
0
0
0
0
0
0
0
0
0
0
0
0
0
0
0
0
0
0
0
0
0
0
0
0
0
0
0
0
0
0
0
0
0
0
0
0
0
0
0
0
0
0
0
0
0
0
0
0
0
0
0
0
0
0
0
0
0
0
0
0
0
0
0
0
0
0
0
0
0
0
0
0
0
0
0
0
0
0
0
0
0
0
0
0
0
0
0
0
0
0
0
0
0
0
0
0
0
0
0
0
0
0
0
0
0
0
0
0
0
0
0
0
0
0
0
0
0
0
0
0
0
0
0
0
0
0
0
0
0
0
0
0
0
0
0
0
0
0
0
0
0
0
0
0
0
0
0
0
0
0
0
0
0
0
0
0
0
0
0
0
0
0
0
0
0
0
0
0
0
0
0
0
0
0
0
0
0
0
0
0
0
0
0
0
0
0
0
0
0
0
0
0
0
0
0
0
0
0
0
0
0
0
0
0
0
0
0
0
0
0
0
0
0
0
0
0
0
0
0
0
0
0
0
0
0
0
0
0
0
0
0
0
0
0
0
0
0
0
0
0
0
0
0
0
0
0
0
0
0
0
0
0
0
0
0
0
0
0
0
0
0
0
0
0
0
0
0
0
0
0
0
0
0
0
0
0
0
0
0
0
0
0
0
0
0
0
0
0
0
0
0
0
0
0
0
0
0
0
0
0
0
0
0
0
0
0
0
0
0
0
0
0
0
0
0
0
0
0
0
0
0
0
0
0
0
0
0
0
0
0
0
0
0
0
0
0
0
0
0
0
0
0
0
0
0
0
0
0
0
0
0

SPEED IN ITERATIONS PER SECOND
59941.74896031326

ASSIGNMENTS
0
0
0
0
0
0
0
0
0
0
0
0
0
0
0
0
0
0
0
0
0
0
0
0
0
0
0
0
0
0
0
0
0
0
0
0
0
0
0
0
0
0
0
0
0
0
0
0
0
0
0
0
0
0
0
0
0
0
0
0
0
0
0
0
0
0
0
0
0
0
0
0
0
0
0
0
0
0
0
0
0
0
0
0
0
0
0
0
0
0
0
0
0
0
0
0
0
0
0
0
0
0
0
0
0
0
0
0
0
0
0
0
0
0
0
0
0
0
0
0
0
0
0
0
0
0
0
0
0
0
0
0
0
0
0
0
0
0
0
0
0
0
0
0
0
0
0
0
0
0
0
0
0
0
0
0
0
0
0
0
0
0
0
0
0
0
0
0
0
0
0
0
0
0
0
0
0
0
0
0
0
0
0
0
0
0
0
0
0
0
0
0
0
0
0
0
0
0
0
0
0
0
0
0
0
0
0
0
0
0
0
0
0
0
0
0
0
0
0
0
0
0
0
0
0
0
0
0
0
0
0
0
0
0
0
0
0
0
0
0
0
0
0
0
0
0
0
0
0
0
0
0
0
0
0
0
0
0
0
0
0
0
0
0
0
0
0
0
0
0
0
0
0
0
0
0
0
0
0
0
0
0
0
0
0
0
0
0
0
0
0
0
0
0
0
0
0
0
0
0
0
0
0
0
0
0
0
0
0
0
0
0
0
0
0
0
0
0
0
0
0
0
0
0
0
0
0
0
0
0
0
0
0
0
0
0
0
0
0
0
0
0
0
0
0
0
0
0
0
0
0
0
0
0
0
0
0
0
0
0
0
0
0
0
0
0
0
0
0
0
0
0
0
0
0
0
0
0
0
0
0
0
0
0
0
0
0
0
0
0
0
0
0
0
0
0
0
0
0
0
0
0
0
0
0
0
0
0
0
0
0
0
0
0
0
0
0
0
0
0
0
0
0
0
0
0
0
0
0
0
0
0
0
0
0
0
0
0
0
0
0
0
0
0
0
0
0
0
0
0
0
0
0
0
0
0
0
0
0
0
0
0
0
0
0
0
0
0
0
0
0
0
0
0
0
0
0
0
0
0
0
0
0
0
0
0
0
0
0
0
0
0
0
0
0
0
0
0
0
0
0
0
0
0
0
0
0
0
0
0
0
0
0
0
0
0
0
0
0
0
0
0
0
0
0
0
0
0
0
0
0
0
0
0
0
0
0
0
0
0
0
0
0
0
0
0
0
0
0
0
0
0
0
0
0
0
0
0
0
0
0
0
0
0
0
0
0
0
0
0
0
0
0
0
0
0
0
0
0
0
0
0
0
0
0
0
0
0
0
0
0
0
0
0
0
0
0
0
0
0
0
0
0
0
0
0
0
0
0
0
0
0
0
0
0
0
0
0
0
0
0
0
0
0
0
0
0
0
0
0
0
0
0
0
0
0
0
0
0
0
0
0
0
0
0
0
0
0
0
0
0
0
0
0
0
0
0
0
0
0
0
0
0
0
0
0
0
0
0
0
0
0
0
0
0
0
0
0
0
0
0
0
0
0
0
0
0
0
0
0
0
0
0
0
0
0
0
0
0
0
0
0
0
0
0
0
0
0
0
0
0
0
0
0
0
0
0
0
0
0
0
0
0
0
0
0
0
0
0
0
0
0
0
0
0
0
0
0
0
0
0
0
0
0
0
0
0
0
0
0
0
0
0
0
0
0
0
0
0
0
0
0
0
0
0
0
0
0
0
0
0
0
0
0
0
0
0
0
0
0
0
0
0
0
0
0
0
0
0
0
0
0
0
0
0
0
0
0
0
0
0
0
0
0
0
0
0
0
0
0
0
0
0
0
0
0
0
0
0
0
0
0
0
0
0
0
0
0
0
0
0
0
0
0
0
0
0
0
0
0
0
0
0
0
0
0
0
0
0
0
0
0
0
0
0
0
0
0
0
0
0
0
0
0
0
0
0
0
0
0
0
0
0
0
0
0
0
0
0
0
0
0
0
0
0
0
0
0
0
0
0
0
0
0
0
0
0
0
0
0
0
0
0
0
0
0
0
0
0
0
0
0
0
0
0
0
0
0
0
0
0
0
0
0
0
0
0
0
0
0
0
0
0
0
0
0
0
0
0
0
0
0
0
0
0
0
0
0
0
0
0
0
0
0
0
0
0
0
0
0
0
0
0
0
0
0
0
0
0
0
0
0
0
0
0
0
0
0
0
0
0
0
0
0
0
0
0
0
0
0
0
0
0
0
0
0
0
0
0
0

TIME PER ITERATION
0.016824007034301758
0.016016006469726562
0.016173124313354492
0.016106843948364258
0.016407012939453125
0.01620006561279297
0.0165097713470459
0.015884876251220703
0.016391277313232422
0.016063928604125977
0.016030073165893555
0.015992164611816406
0.016376018524169922
0.015969038009643555
0.015802860260009766
0.016424894332885742
0.016344070434570312
0.016264915466308594
0.01622295379638672
0.01599884033203125
0.016649961471557617
0.015729904174804688
0.015989065170288086
0.01566481590270996
0.015623807907104492
0.01607799530029297
0.01836395263671875
0.01672983169555664
0.01619887351989746
0.015767812728881836
0.015925884246826172
0.015874862670898438
0.0164639949798584
0.016058683395385742
0.015936851501464844
0.015963315963745117
0.016553878784179688
0.0161440372467041
0.01625800132751465
0.01630091667175293
0.0162808895111084
0.01607513427734375
0.016260862350463867
0.016643047332763672
0.015633106231689453
0.01644277572631836
0.01607203483581543
0.015987157821655273
0.016128063201904297
0.01606917381286621
0.01600790023803711
0.016238927841186523
0.015896081924438477
0.015883922576904297
0.016464948654174805
0.016068220138549805
0.01599597930908203
0.016204118728637695
0.016315698623657227
0.016192913055419922
0.016228914260864258
0.01665210723876953
0.016047000885009766
0.01590704917907715
0.01657891273498535
0.016423940658569336
0.016695022583007812
0.016167879104614258
0.015859127044677734
0.016146183013916016
0.0156710147857666
0.016115903854370117
0.016268014907836914
0.015964031219482422
0.016183137893676758
0.01624011993408203
0.01628398895263672
0.015616893768310547
0.016614913940429688
0.016085147857666016
0.0160830020904541
0.015902280807495117
0.01660895347595215
0.015940189361572266
0.01633310317993164
0.016376018524169922
0.015764951705932617
0.016071796417236328
0.016460895538330078
0.01634502410888672
0.016106843948364258
0.015923023223876953
0.016190052032470703
0.016019821166992188
0.016279935836791992
0.016358137130737305
0.016696929931640625
0.016315937042236328
0.01615118980407715
0.016176939010620117
0.01600193977355957
0.016082286834716797
0.015921831130981445
0.02469801902770996
0.016611099243164062
0.015905141830444336
0.016125917434692383
0.01604294776916504
0.016437053680419922
0.01622319221496582
0.016122817993164062
0.016111135482788086
0.01563405990600586
0.015918970108032227
0.01614689826965332
0.01671624183654785
0.016194581985473633
0.01636028289794922
0.016545772552490234
0.0158689022064209
0.016180992126464844
0.016104936599731445
0.01606607437133789
0.01627969741821289
0.01657867431640625
0.016536235809326172
0.0158998966217041
0.01641225814819336
0.01578998565673828
0.0164949893951416
0.01617884635925293
0.016000986099243164
0.016449928283691406
0.015928030014038086
0.0161740779876709
0.016390085220336914
0.016516923904418945
0.016312122344970703
0.016485929489135742
0.016167879104614258
0.016178131103515625
0.016635894775390625
0.015619993209838867
0.015899181365966797
0.015783309936523438
0.01659989356994629
0.016257047653198242
0.016063928604125977
0.01599407196044922
0.016263961791992188
0.015876054763793945
0.016150951385498047
0.01598501205444336
0.0159759521484375
0.016168832778930664
0.016183853149414062
0.016171932220458984
0.01661086082458496
0.016475915908813477
0.015953779220581055
0.01656198501586914
0.015951156616210938
0.016234159469604492
0.015971899032592773
0.015976905822753906
0.016896963119506836
0.016579866409301758
0.01565861701965332
0.015942811965942383
0.016258716583251953
0.016072988510131836
0.016018152236938477
0.016318082809448242
0.01658487319946289
0.015892982482910156
0.016273021697998047
0.016209125518798828
0.015981197357177734
0.016285181045532227
0.016666889190673828
0.016232013702392578
0.015844106674194336
0.01589202880859375
0.016138076782226562
0.016026020050048828
0.016013145446777344
0.016710996627807617
0.01650214195251465
0.01620197296142578
0.01595902442932129
0.01633477210998535
0.015978097915649414
0.016415834426879883
0.01609492301940918
0.016521930694580078
0.01627206802368164
0.015911102294921875
0.015939950942993164
0.015955209732055664
0.01653122901916504
0.016592979431152344
0.01649785041809082
0.01610398292541504
0.016424179077148438
0.016338825225830078
0.01616191864013672
0.01673102378845215
0.016176939010620117
0.016003131866455078
0.016157865524291992
0.016433000564575195
0.016423940658569336
0.015734195709228516
0.01612114906311035
0.016286849975585938
0.01655411720275879
0.01624894142150879
0.016278982162475586
0.016422748565673828
0.015913963317871094
0.016026020050048828
0.016414403915405273
0.016048908233642578
0.016222000122070312
0.016398906707763672
0.016604900360107422
0.015935897827148438
0.01658797264099121
0.016230106353759766
0.016191959381103516
0.01616215705871582
0.015859127044677734
0.016234159469604492
0.015809059143066406
0.01622295379638672
0.01654195785522461
0.016149044036865234
0.01612710952758789
0.01567697525024414
0.016616106033325195
0.01611804962158203
0.015874862670898438
0.016252756118774414
0.016164779663085938
0.016166210174560547
0.016384124755859375
0.016127824783325195
0.016097068786621094
0.016299009323120117
0.01644110679626465
0.016108989715576172
0.01634502410888672
0.01620316505432129
0.016025066375732422
0.015860795974731445
0.016333818435668945
0.0164949893951416
0.016640663146972656
0.016302108764648438
0.015967845916748047
0.023356199264526367
0.016121864318847656
0.016659975051879883
0.016047954559326172
0.016559839248657227
0.01623821258544922
0.016196012496948242
0.016376018524169922
0.015820026397705078
0.01668691635131836
0.01645493507385254
0.016119003295898438
0.01604485511779785
0.015839338302612305
0.016234874725341797
0.01620793342590332
0.016028881072998047
0.016499042510986328
0.016002178192138672
0.01618480682373047
0.016412019729614258
0.016710281372070312
0.01569986343383789
0.016067028045654297
0.016693592071533203
0.016258955001831055
0.01617884635925293
0.01575613021850586
0.016720056533813477
0.015811681747436523
0.01632213592529297
0.01635599136352539
0.016629934310913086
0.01642608642578125
0.016100645065307617
0.015969038009643555
0.01636672019958496
0.01635289192199707
0.01648092269897461
0.016416072845458984
0.016217947006225586
0.016132831573486328
0.0166780948638916
0.015960693359375
0.016229867935180664
0.016097068786621094
0.01631903648376465
0.016260147094726562
0.015938997268676758
0.01620006561279297
0.01614999771118164
0.01623392105102539
0.01632833480834961
0.016645193099975586
0.016280174255371094
0.01617717742919922
0.016228914260864258
0.016418933868408203
0.01600933074951172
0.016664743423461914
0.016247034072875977
0.01644110679626465
0.016284942626953125
0.016090869903564453
0.016558170318603516
0.016789913177490234
0.016175270080566406
0.016336917877197266
0.016029834747314453
0.016342878341674805
0.016013145446777344
0.01632523536682129
0.01670384407043457
0.015846729278564453
0.01599287986755371
0.0163271427154541
0.01594090461730957
0.01628422737121582
0.015973806381225586
0.01630401611328125
0.016582250595092773
0.016752958297729492
0.016195058822631836
0.01571512222290039
0.01585698127746582
0.015742063522338867
0.016090869903564453
0.016618967056274414
0.016607999801635742
0.016305923461914062
0.015806913375854492
0.016290903091430664
0.016034603118896484
0.016109943389892578
0.01606297492980957
0.016206979751586914
0.01661992073059082
0.01625800132751465
0.01614999771118164
0.017834901809692383
0.01587200164794922
0.016304969787597656
0.016665220260620117
0.016130685806274414
0.016299962997436523
0.016704797744750977
0.016315221786499023
0.01655292510986328
0.016710758209228516
0.016694068908691406
0.01655411720275879
0.015966176986694336
0.0164031982421875
0.016434907913208008
0.016303062438964844
0.016222238540649414
0.01622295379638672
0.01662898063659668
0.016150951385498047
0.01605081558227539
0.015980005264282227
0.01642012596130371
0.016484737396240234
0.016228199005126953
0.015985965728759766
0.015645265579223633
0.016716718673706055
0.016510009765625
0.0160980224609375
0.01640605926513672
0.016054153442382812
0.01678013801574707
0.016358137130737305
0.01630997657775879
0.016382217407226562
0.016593217849731445
0.016012907028198242
0.016479015350341797
0.016165733337402344
0.01666569709777832
0.0164029598236084
0.016244888305664062
0.016082048416137695
0.016319990158081055
0.016571044921875
0.01633596420288086
0.01624131202697754
0.01623702049255371
0.015845060348510742
0.0160980224609375
0.015922069549560547
0.01657891273498535
0.016204118728637695
0.015609025955200195
0.016449689865112305
0.016516923904418945
0.016099929809570312
0.02325296401977539
0.016730070114135742
0.016058921813964844
0.01643085479736328
0.016220808029174805
0.016199350357055664
0.016668081283569336
0.016555070877075195
0.016229867935180664
0.016319990158081055
0.0161130428314209
0.016183137893676758
0.015661001205444336
0.016421794891357422
0.016299009323120117
0.016397714614868164
0.016277074813842773
0.016386985778808594
0.01669621467590332
0.01594376564025879
0.015962839126586914
0.016132116317749023
0.015970945358276367
0.01624298095703125
0.015966176986694336
0.016595125198364258
0.01589179039001465
0.016325950622558594
0.016665220260620117
0.01652979850769043
0.016047000885009766
0.016045808792114258
0.016653060913085938
0.015722036361694336
0.0162050724029541
0.016521930694580078
0.016326904296875
0.016349077224731445
0.01569199562072754
0.01615118980407715
0.016278743743896484
0.016542911529541016
0.016668319702148438
0.016183137893676758
0.01640009880065918
0.016064167022705078
0.016539812088012695
0.016741275787353516
0.018513202667236328
0.016927003860473633
0.017271041870117188
0.01614212989807129
0.016340970993041992
0.01647496223449707
0.016397953033447266
0.01648712158203125
0.01667189598083496
0.01607990264892578
0.016430139541625977
0.016453981399536133
0.016557693481445312
0.016355037689208984
0.016026973724365234
0.015776872634887695
0.01656484603881836
0.016180992126464844
0.01615309715270996
0.016505002975463867
0.015937089920043945
0.016520977020263672
0.01672077178955078
0.016370296478271484
0.01674485206604004
0.015821218490600586
0.01671910285949707
0.01644611358642578
0.01583099365234375
0.01624011993408203
0.016281843185424805
0.016148090362548828
0.0161740779876709
0.016700029373168945
0.015874147415161133
0.016041994094848633
0.016696929931640625
0.016442060470581055
0.01640605926513672
0.016196012496948242
0.016670942306518555
0.015792131423950195
0.016459941864013672
0.016330957412719727
0.01611495018005371
0.016083955764770508
0.015964031219482422
0.016653060913085938
0.01623678207397461
0.016160011291503906
0.016560077667236328
0.016474008560180664
0.01620793342590332
0.015768051147460938
0.016520977020263672
0.015984773635864258
0.016685962677001953
0.016679048538208008
0.01626896858215332
0.01605987548828125
0.015897035598754883
0.0162661075592041
0.015759706497192383
0.016143083572387695
0.01622486114501953
0.01613783836364746
0.01624298095703125
0.016081809997558594
0.016391992568969727
0.016184091567993164
0.015714168548583984
0.016198158264160156
0.01619100570678711
0.016284942626953125
0.0157470703125
0.016468048095703125
0.016490936279296875
0.016019105911254883
0.016371965408325195
0.01622486114501953
0.016237974166870117
0.01601886749267578
0.01604318618774414
0.015939950942993164
0.016159772872924805
0.016294240951538086
0.016290903091430664
0.01639103889465332
0.01608896255493164
0.01625204086303711
0.01577591896057129
0.01657700538635254
0.0160830020904541
0.015921831130981445
0.01666116714477539
0.016255855560302734
0.016340017318725586
0.016180992126464844
0.016418933868408203
0.016134023666381836
0.016281843185424805
0.016377925872802734
0.016286849975585938
0.016009807586669922
0.01597905158996582
0.016227006912231445
0.016546249389648438
0.016251802444458008
0.0160980224609375
0.023799896240234375
0.01619100570678711
0.01625800132751465
0.01627182960510254
0.016199111938476562
0.016501903533935547
0.016247987747192383
0.01571202278137207
0.016749143600463867
0.0159759521484375
0.016571760177612305
0.016726016998291016
0.016029834747314453
0.01630687713623047
0.01602005958557129
0.01634812355041504
0.016012191772460938
0.01623702049255371
0.016032934188842773
0.01606583595275879
0.0162811279296875
0.01626896858215332
0.01658797264099121
0.016518115997314453
0.016727209091186523
0.01654791831970215
0.016005277633666992
0.016077041625976562
0.015977144241333008
0.016480207443237305
0.01620769500732422
0.016380786895751953
0.01672816276550293
0.016493797302246094
0.016756057739257812
0.016776084899902344
0.01625800132751465
0.01614093780517578
0.016556978225708008
0.016827821731567383
0.016263961791992188
0.016093015670776367
0.016150951385498047
0.016505002975463867
0.016420841217041016
0.01616382598876953
0.016248226165771484
0.01616191864013672
0.016640186309814453
0.01599407196044922
0.016050100326538086
0.015811920166015625
0.016654253005981445
0.016557931900024414
0.016721010208129883
0.016081809997558594
0.015989065170288086
0.0160062313079834
0.01641392707824707
0.016550779342651367
0.01614212989807129
0.016617298126220703
0.016225099563598633
0.01632976531982422
0.016433000564575195
0.016145944595336914
0.01632404327392578
0.01610088348388672
0.016806840896606445
0.01599717140197754
0.016378164291381836
0.016251802444458008
0.0164182186126709
0.01665496826171875
0.01628422737121582
0.016203641891479492
0.01643228530883789
0.015843868255615234
0.016698122024536133
0.015964984893798828
0.016464948654174805
0.016125917434692383
0.016312122344970703
0.016501903533935547
0.01598811149597168
0.016688108444213867
0.01603984832763672
0.01664113998413086
0.016193151473999023
0.016602754592895508
0.016579866409301758
0.01564192771911621
0.016134262084960938
0.01587200164794922
0.016625165939331055
0.016234159469604492
0.016270875930786133
0.01670098304748535
0.0157010555267334
0.016693115234375
0.015778779983520508
0.016719818115234375
0.016369104385375977
0.016314983367919922
0.01613903045654297
0.01639103889465332
0.016688108444213867
0.016172170639038086
0.01619267463684082
0.016073226928710938
0.016202926635742188
0.016314029693603516
0.016209840774536133
0.016633272171020508
0.015741825103759766
0.015994787216186523
0.016009807586669922
0.016498804092407227
0.01673293113708496
0.016015052795410156
0.01621413230895996
0.01654982566833496
0.01677989959716797
0.016561269760131836
0.016510963439941406
0.01603078842163086
0.016360998153686523
0.01643514633178711
0.01631784439086914
0.015808820724487305
0.016256093978881836
0.01608562469482422
0.01631021499633789
0.01593494415283203
0.01653885841369629
0.015742063522338867
0.015879154205322266
0.016187191009521484
0.016185998916625977
0.016366004943847656
0.015661001205444336
0.016289710998535156
0.016391277313232422
0.01671600341796875
0.015984058380126953
0.015954017639160156
0.01586604118347168
0.016170024871826172
0.016397953033447266
0.016315937042236328
0.016288042068481445
0.01613593101501465
0.016590118408203125
0.016634702682495117
0.016316890716552734
0.01642131805419922
0.015704631805419922
0.022384166717529297
0.016618967056274414
0.016683101654052734
0.016653060913085938
0.016427993774414062
0.01660013198852539
0.015844106674194336
0.0160977840423584
0.01669025421142578
0.016427993774414062
0.01623392105102539
0.01593613624572754
0.016743898391723633
0.016496896743774414
0.016314029693603516
0.016416072845458984
0.0160520076751709
0.016299009323120117
0.016056060791015625
0.01614522933959961
0.01625514030456543
0.016125202178955078
0.01633477210998535
0.016742229461669922
0.016041278839111328
0.016386032104492188
0.01646590232849121
0.015990018844604492
0.016635894775390625
0.01657724380493164
0.016366004943847656
0.016170024871826172
0.01616692543029785
0.016249895095825195
0.016198158264160156
0.01682114601135254
0.016361236572265625
0.016612768173217773
0.016247034072875977
0.016605854034423828
0.016032934188842773
0.016402006149291992
0.016374826431274414
0.016326904296875
0.016633033752441406
0.01641702651977539
0.015959739685058594
0.01604914665222168
0.01594996452331543
0.01642131805419922
0.016701936721801758
0.01653766632080078
0.016501903533935547
0.015948057174682617
0.016544103622436523
0.016178131103515625
0.016302108764648438
0.015893936157226562
0.016726016998291016
0.016537904739379883
0.0163881778717041
0.01615285873413086
0.015965938568115234
0.016041994094848633
0.016349077224731445
0.016670942306518555
0.01600503921508789
0.015766143798828125
0.01627492904663086
0.016430139541625977
0.016582012176513672
0.0165860652923584
0.016444921493530273
0.016338109970092773
0.016128063201904297
0.016681909561157227
0.01611924171447754
0.016632080078125
0.016236066818237305
0.016363143920898438
0.016348838806152344
0.016730070114135742
0.016641855239868164
0.015774250030517578
0.016134977340698242
0.016444921493530273
0.01631903648376465
0.01605701446533203
0.015789031982421875
0.01632523536682129
0.016248226165771484
0.015948057174682617
0.015995025634765625
0.0166778564453125
0.016488075256347656
0.016187191009521484
0.016439199447631836
0.01608896255493164
0.015950918197631836
0.016406774520874023
0.01610708236694336
0.016238927841186523
0.01593804359436035
0.016265869140625
0.01578688621520996
0.015843629837036133
0.01614999771118164
0.016060829162597656
0.016291141510009766
0.015737056732177734
0.015789031982421875
0.01605510711669922
0.015989065170288086
0.015977144241333008
0.01559305191040039
0.01614999771118164
0.01643204689025879
0.016693115234375
0.015605926513671875
0.016056060791015625
0.01606297492980957
0.016423940658569336
0.01610398292541504
0.016453027725219727
0.01655292510986328
0.016272783279418945
0.016376018524169922
0.01618790626525879
0.016260862350463867
0.016366958618164062
0.016389131546020508
0.01661396026611328
0.016187191009521484
0.01624608039855957
0.01674485206604004
0.01622486114501953
0.01642608642578125
0.01568889617919922
0.01658010482788086
0.015815019607543945
0.016271114349365234
0.016305208206176758
0.016039133071899414
0.016147851943969727
0.016149044036865234
0.016653776168823242
0.016041994094848633
0.016489028930664062
0.016669273376464844
0.016261816024780273
0.01633906364440918
0.0158689022064209
0.016244888305664062
0.01595902442932129
0.016046762466430664
0.016682147979736328
0.016253948211669922
0.02315497398376465
0.016202926635742188
0.01641702651977539
0.016333818435668945
0.016679048538208008
0.016355037689208984
0.016597986221313477
0.016656875610351562
0.01594996452331543
0.016710996627807617
0.016123294830322266
0.01644611358642578
0.016326189041137695
0.01616692543029785
0.0160830020904541
0.01605987548828125
0.016175031661987305
0.01594710350036621
0.01654195785522461
0.01630687713623047
0.015998125076293945
0.016381025314331055
0.01593017578125
0.015998363494873047
0.016293764114379883
0.016098976135253906
0.016480445861816406
0.01608872413635254
0.01646113395690918
0.016260862350463867
0.01625990867614746
0.016257047653198242
0.016360998153686523
0.016228914260864258
0.016523122787475586
0.016217947006225586
0.01591014862060547
0.015962839126586914
0.015752077102661133
0.016499996185302734
0.015991687774658203
0.01627492904663086
0.016680240631103516
0.01627492904663086
0.016264915466308594
0.01590108871459961
0.016228914260864258
0.016262292861938477
0.01663494110107422
0.0161588191986084
0.01631617546081543
0.016083955764770508
0.01569366455078125
0.016195058822631836
0.01619100570678711
0.016665935516357422
0.01647019386291504
0.015951871871948242
0.016145706176757812
0.015778064727783203
0.01630711555480957
0.016163110733032227
0.016473770141601562
0.016247034072875977
0.0157320499420166
0.015987873077392578
0.016241073608398438
0.015815258026123047
0.01607203483581543
0.0159149169921875
0.016235828399658203
0.015816211700439453
0.016659021377563477
0.015697956085205078
0.01599717140197754
0.016324758529663086
0.01644110679626465
0.016033172607421875
0.01637411117553711
0.01625800132751465
0.016357898712158203
0.016244888305664062
0.01624608039855957
0.016740083694458008
0.01621699333190918
0.016215085983276367
0.016253948211669922
0.01643991470336914
0.016165971755981445
0.0166780948638916
0.016727685928344727
0.016366243362426758
0.016403913497924805
0.01625514030456543
0.01611614227294922
0.01633000373840332
0.01626896858215332
0.01667928695678711
0.016680002212524414
0.016299009323120117
0.01609206199645996
0.016145944595336914
0.016142845153808594
0.01652812957763672
0.015990734100341797
0.01662611961364746
0.016093015670776367
0.016343116760253906
0.016314268112182617
0.016479015350341797
0.016215801239013672
0.01653289794921875
