BACKTRACKS
0
0
0
0
0
0
0
0
0
0
0
0
0
0
0
0
0
0
0
0
0
0
0
0
0
0
0
0
0
0
0
0
0
0
0
0
0
0
0
0
0
0
0
0
0
0
0
0
0
0
0
0
0
0
0
0
0
0
0
0
0
0
0
0
0
0
0
0
0
0
0
0
0
0
0
0
0
0
0
0
0
0
0
0
0
0
0
0
0
0
0
0
0
0
0
0
0
0
0
0
0
0
0
0
0
0
0
0
0
0
0
0
0
0
0
0
0
0
0
0
0
0
0
0
0
0
0
0
0
0
0
0
0
0
0
0
0
0
0
0
0
0
0
0
0
0
0
0
0
0
0
0
0
0
0
0
0
0
0
0
0
0
0
0
0
0
0
0
0
0
0
0
0
0
0
0
0
0
0
0
0
0
0
0
0
0
0
0
0
0
0
0
0
0
0
0
0
0
0
0
0
0
0
0
0
0
0
0
0
0
0
0
0
0
0
0
0
0
0
0
0
0
0
0
0
0
0
0
0
0
0
0
0
0
0
0
0
0
0
0
0
0
0
0
0
0
0
0
0
0
0
0
0
0
0
0
0
0
0
0
0
0
0
0
0
0
0
0
0
0
0
0
0
0
0
0
0
0
0
0
0
0
0
0
0
0
0
0
0
0
0
0
0
0
0
0
0
0
0
0
0
0
0
0
0
0
0
0
0
0
0
0
0
0
0
0
0
0
0
0
0
0
0
0
0
0
0
0
0
0
0
0
0
0
0
0
0
0
0
0
0
0
0
0
0
0
0
0
0
0
0
0
0
0
0
0
0
0
0
0
0
0
0
0
0
0
0
0
0
0
0
0
0
0
0
0
0
0
0
0
0
0
0
0
0
0
0
0
0
0
0
0
0
0
0
0
0
0
0
0
0
0
0
0
0
0
0
0
0
0
0
0
0
0
0
0
0
0
0
0
0
0
0
0
0
0
0
0
0
0
0
0
0
0
0
0
0
0
0
0
0
0
0
0
0
0
0
0
0
0
0
0
0
0
0
0
0
0
0
0
0
0
0
0
0
0
0
0
0
0
0
0
0
0
0
0
0
0
0
0
0
0
0
0
0
0
0
0
0
0
0
0
0
0
0
0
0
0
0
0
0
0
0
0
0
0
0
0
0
0
0
0
0
0
0
0
0
0
0
0
0
0
0
0
0
0
0
0
0
0
0
0
0
0
0
0
0
0
0
0
0
0
0
0
0
0
0
0
0
0
0
0
0
0
0
0
0
0
0
0
0
0
0
0
0
0
0
0
0
0
0
0
0
0
0
0
0
0
0
0
0
0
0
0
0
0
0
0
0
0
0
0
0
0
0
0
0
0
0
0
0
0
0
0
0
0
0
0
0
0
0
0
0
0
0
0
0
0
0
0
0
0
0
0
0
0
0
0
0
0
0
0
0
0
0
0
0
0
0
0
0
0
0
0
0
0
0
0
0
0
0
0
0
0
0
0
0
0
0
0
0
0
0
0
0
0
0
0
0
0
0
0
0
0
0
0
0
0
0
0
0
0
0
0
0
0
0
0
0
0
0
0
0
0
0
0
0
0
0
0
0
0
0
0
0
0
0
0
0
0
0
0
0
0
0
0
0
0
0
0
0
0
0
0
0
0
0
0
0
0
0
0
0
0
0
0
0
0
0
0
0
0
0
0
0
0
0
0
0
0
0
0
0
0
0
0
0
0
0
0
0
0
0
0
0
0
0
0
0
0
0
0
0
0
0
0
0
0
0
0
0
0
0
0
0
0
0
0
0
0
0
0
0
0
0
0
0
0
0
0
0
0
0
0
0
0
0
0
0
0
0
0
0
0
0
0
0
0
0
0
0
0
0
0
0
0
0
0
0
0
0
0
0
0
0
0
0
0
0
0
0
0
0
0
0
0
0
0
0
0
0
0
0
0
0
0
0
0
0
0
0
0
0
0
0
0
0
0
0
0
0
0
0
0
0
0
0
0
0
0
0
0
0
0
0
0
0
0
0
0
0
0
0
0
0
0
0
0
0
0
0
0
0
0
0
0
0
0
0
0
0
0
0
0
0
0
0
0
0
0
0
0
0
0
0
0
0
0
0
0
0
0
0
0
0
0
0
0
0
0
0
0
0
0
0
0
0
0
0
0
0
0
0
0
0
0
0
0
0
0
0
0
0
0
0
0
0
0
0
0
0
0
0
0
0
0
0
0
0
0
0
0
0
0
0
0
0
0
0
0
0
0
0
0
0
0
0
0
0
0

SPEED IN ITERATIONS PER SECOND
59290.991080137406

ASSIGNMENTS
0
0
0
0
0
0
0
0
0
0
0
0
0
0
0
0
0
0
0
0
0
0
0
0
0
0
0
0
0
0
0
0
0
0
0
0
0
0
0
0
0
0
0
0
0
0
0
0
0
0
0
0
0
0
0
0
0
0
0
0
0
0
0
0
0
0
0
0
0
0
0
0
0
0
0
0
0
0
0
0
0
0
0
0
0
0
0
0
0
0
0
0
0
0
0
0
0
0
0
0
0
0
0
0
0
0
0
0
0
0
0
0
0
0
0
0
0
0
0
0
0
0
0
0
0
0
0
0
0
0
0
0
0
0
0
0
0
0
0
0
0
0
0
0
0
0
0
0
0
0
0
0
0
0
0
0
0
0
0
0
0
0
0
0
0
0
0
0
0
0
0
0
0
0
0
0
0
0
0
0
0
0
0
0
0
0
0
0
0
0
0
0
0
0
0
0
0
0
0
0
0
0
0
0
0
0
0
0
0
0
0
0
0
0
0
0
0
0
0
0
0
0
0
0
0
0
0
0
0
0
0
0
0
0
0
0
0
0
0
0
0
0
0
0
0
0
0
0
0
0
0
0
0
0
0
0
0
0
0
0
0
0
0
0
0
0
0
0
0
0
0
0
0
0
0
0
0
0
0
0
0
0
0
0
0
0
0
0
0
0
0
0
0
0
0
0
0
0
0
0
0
0
0
0
0
0
0
0
0
0
0
0
0
0
0
0
0
0
0
0
0
0
0
0
0
0
0
0
0
0
0
0
0
0
0
0
0
0
0
0
0
0
0
0
0
0
0
0
0
0
0
0
0
0
0
0
0
0
0
0
0
0
0
0
0
0
0
0
0
0
0
0
0
0
0
0
0
0
0
0
0
0
0
0
0
0
0
0
0
0
0
0
0
0
0
0
0
0
0
0
0
0
0
0
0
0
0
0
0
0
0
0
0
0
0
0
0
0
0
0
0
0
0
0
0
0
0
0
0
0
0
0
0
0
0
0
0
0
0
0
0
0
0
0
0
0
0
0
0
0
0
0
0
0
0
0
0
0
0
0
0
0
0
0
0
0
0
0
0
0
0
0
0
0
0
0
0
0
0
0
0
0
0
0
0
0
0
0
0
0
0
0
0
0
0
0
0
0
0
0
0
0
0
0
0
0
0
0
0
0
0
0
0
0
0
0
0
0
0
0
0
0
0
0
0
0
0
0
0
0
0
0
0
0
0
0
0
0
0
0
0
0
0
0
0
0
0
0
0
0
0
0
0
0
0
0
0
0
0
0
0
0
0
0
0
0
0
0
0
0
0
0
0
0
0
0
0
0
0
0
0
0
0
0
0
0
0
0
0
0
0
0
0
0
0
0
0
0
0
0
0
0
0
0
0
0
0
0
0
0
0
0
0
0
0
0
0
0
0
0
0
0
0
0
0
0
0
0
0
0
0
0
0
0
0
0
0
0
0
0
0
0
0
0
0
0
0
0
0
0
0
0
0
0
0
0
0
0
0
0
0
0
0
0
0
0
0
0
0
0
0
0
0
0
0
0
0
0
0
0
0
0
0
0
0
0
0
0
0
0
0
0
0
0
0
0
0
0
0
0
0
0
0
0
0
0
0
0
0
0
0
0
0
0
0
0
0
0
0
0
0
0
0
0
0
0
0
0
0
0
0
0
0
0
0
0
0
0
0
0
0
0
0
0
0
0
0
0
0
0
0
0
0
0
0
0
0
0
0
0
0
0
0
0
0
0
0
0
0
0
0
0
0
0
0
0
0
0
0
0
0
0
0
0
0
0
0
0
0
0
0
0
0
0
0
0
0
0
0
0
0
0
0
0
0
0
0
0
0
0
0
0
0
0
0
0
0
0
0
0
0
0
0
0
0
0
0
0
0
0
0
0
0
0
0
0
0
0
0
0
0
0
0
0
0
0
0
0
0
0
0
0
0
0
0
0
0
0
0
0
0
0
0
0
0
0
0
0
0
0
0
0
0
0
0
0
0
0
0
0
0
0
0
0
0
0
0
0
0
0
0
0
0
0
0
0
0
0
0
0
0
0
0
0
0
0
0
0
0
0
0
0
0
0
0
0
0
0
0
0
0
0
0
0
0
0
0
0
0
0
0
0
0
0
0
0
0
0
0
0
0
0
0
0
0
0
0
0
0
0
0
0
0
0
0
0
0
0
0
0
0
0
0
0
0
0
0
0
0
0
0
0
0
0
0
0
0
0
0
0
0
0
0
0
0
0
0
0
0
0
0
0
0
0
0
0
0
0
0
0

TIME PER ITERATION
0.01721787452697754
0.01615619659423828
0.016346216201782227
0.015372991561889648
0.016563892364501953
0.01632213592529297
0.016671419143676758
0.015836000442504883
0.016397953033447266
0.01597118377685547
0.01581597328186035
0.015991926193237305
0.016705036163330078
0.01648092269897461
0.015863656997680664
0.016497135162353516
0.01624917984008789
0.01608586311340332
0.016108036041259766
0.01600813865661621
0.016648292541503906
0.01572895050048828
0.016067028045654297
0.015668869018554688
0.01566910743713379
0.01636791229248047
0.016392946243286133
0.016439199447631836
0.015977859497070312
0.01595306396484375
0.015646934509277344
0.015782833099365234
0.016570091247558594
0.01619696617126465
0.016160964965820312
0.016124248504638672
0.016817808151245117
0.016237974166870117
0.016217708587646484
0.016108989715576172
0.016481876373291016
0.016048192977905273
0.016503095626831055
0.0163729190826416
0.0159759521484375
0.016309022903442383
0.01601576805114746
0.01598215103149414
0.016276121139526367
0.01610112190246582
0.015913963317871094
0.016251802444458008
0.016265153884887695
0.015984773635864258
0.016324996948242188
0.016045808792114258
0.01622605323791504
0.016247987747192383
0.016499996185302734
0.016503095626831055
0.016399860382080078
0.016621112823486328
0.016058921813964844
0.01584792137145996
0.016618967056274414
0.016551733016967773
0.01668095588684082
0.016360044479370117
0.015649080276489258
0.016073942184448242
0.0156862735748291
0.016441822052001953
0.0163118839263916
0.015854835510253906
0.01594710350036621
0.016257047653198242
0.01606893539428711
0.01570582389831543
0.01669597625732422
0.016289949417114258
0.016146183013916016
0.015541791915893555
0.016510963439941406
0.015764951705932617
0.01642012596130371
0.01646900177001953
0.0159909725189209
0.015940189361572266
0.01648998260498047
0.01641082763671875
0.01587200164794922
0.016376018524169922
0.01636505126953125
0.016338825225830078
0.01613593101501465
0.01669597625732422
0.016524791717529297
0.01618504524230957
0.016613006591796875
0.016044139862060547
0.016000032424926758
0.01598381996154785
0.016277790069580078
0.024911165237426758
0.016497135162353516
0.01607823371887207
0.016260862350463867
0.01590585708618164
0.016541004180908203
0.01628899574279785
0.01607203483581543
0.01599407196044922
0.015965938568115234
0.016041040420532227
0.01643085479736328
0.016781091690063477
0.016307830810546875
0.016247034072875977
0.016598224639892578
0.015977144241333008
0.01629805564880371
0.01614689826965332
0.015962839126586914
0.016239166259765625
0.016700029373168945
0.016375064849853516
0.0159761905670166
0.01648688316345215
0.01572418212890625
0.01613020896911621
0.016401290893554688
0.01599407196044922
0.016180992126464844
0.016210079193115234
0.01636815071105957
0.01644611358642578
0.016533851623535156
0.016453981399536133
0.016415834426879883
0.016236066818237305
0.01601696014404297
0.016707181930541992
0.015674829483032227
0.016101837158203125
0.016028881072998047
0.016761064529418945
0.01594090461730957
0.016269922256469727
0.016115903854370117
0.01645493507385254
0.016124725341796875
0.01624298095703125
0.0161898136138916
0.01609206199645996
0.016102075576782227
0.016194820404052734
0.01612114906311035
0.016548871994018555
0.01630687713623047
0.016231298446655273
0.016543865203857422
0.015944957733154297
0.01628708839416504
0.016058921813964844
0.01606607437133789
0.01672983169555664
0.016514062881469727
0.015807151794433594
0.016145944595336914
0.016269207000732422
0.01593303680419922
0.01594710350036621
0.016627073287963867
0.016597986221313477
0.015960693359375
0.015973806381225586
0.016330957412719727
0.01602792739868164
0.01599717140197754
0.016382932662963867
0.01627206802368164
0.01599574089050293
0.0160062313079834
0.01618504524230957
0.015949010848999023
0.01612091064453125
0.01643228530883789
0.016444921493530273
0.016102075576782227
0.0160067081451416
0.016273975372314453
0.01599884033203125
0.01646900177001953
0.016515016555786133
0.016621112823486328
0.01611495018005371
0.01594400405883789
0.015980958938598633
0.016069889068603516
0.016340255737304688
0.016721248626708984
0.016684770584106445
0.01600503921508789
0.016340017318725586
0.016049861907958984
0.016140222549438477
0.016379117965698242
0.01620793342590332
0.01600193977355957
0.01627802848815918
0.01641082763671875
0.016515016555786133
0.016045093536376953
0.015908002853393555
0.016052961349487305
0.016218900680541992
0.016131162643432617
0.016302824020385742
0.016450166702270508
0.015942811965942383
0.01595616340637207
0.016452312469482422
0.016080141067504883
0.015856027603149414
0.016292095184326172
0.016696929931640625
0.015826940536499023
0.016216039657592773
0.016199111938476562
0.01592707633972168
0.015975236892700195
0.015809059143066406
0.016225099563598633
0.016029834747314453
0.01623702049255371
0.016333818435668945
0.016356229782104492
0.01577901840209961
0.015677928924560547
0.01670098304748535
0.016039133071899414
0.015887737274169922
0.016328811645507812
0.01622605323791504
0.01594996452331543
0.01612687110900879
0.01610708236694336
0.016060829162597656
0.016448974609375
0.016414165496826172
0.01617717742919922
0.016160011291503906
0.016188859939575195
0.015909910202026367
0.01603102684020996
0.016442060470581055
0.016504287719726562
0.01676321029663086
0.015935897827148438
0.01599884033203125
0.024547815322875977
0.016117095947265625
0.016698837280273438
0.016019344329833984
0.01644730567932129
0.015991687774658203
0.016315937042236328
0.016311168670654297
0.0157928466796875
0.016743183135986328
0.016499042510986328
0.016191959381103516
0.015804052352905273
0.01589202880859375
0.016263961791992188
0.01623678207397461
0.016293048858642578
0.016577959060668945
0.015787839889526367
0.015950918197631836
0.016379117965698242
0.01672673225402832
0.015888214111328125
0.016146183013916016
0.016394853591918945
0.016157150268554688
0.015865802764892578
0.01579594612121582
0.016679763793945312
0.016024112701416016
0.016319990158081055
0.015958070755004883
0.016855239868164062
0.016145944595336914
0.016062021255493164
0.01601386070251465
0.015783309936523438
0.016135215759277344
0.016450881958007812
0.016393184661865234
0.015995025634765625
0.01614999771118164
0.016292095184326172
0.015916109085083008
0.016215085983276367
0.016041994094848633
0.016104936599731445
0.016264915466308594
0.016013145446777344
0.01600813865661621
0.01613903045654297
0.01605820655822754
0.016108036041259766
0.016307353973388672
0.015774011611938477
0.016324281692504883
0.016227006912231445
0.016728878021240234
0.01689600944519043
0.01614999771118164
0.016088008880615234
0.016190052032470703
0.015997886657714844
0.01599574089050293
0.01644301414489746
0.016277790069580078
0.015779972076416016
0.01626110076904297
0.01631617546081543
0.01665210723876953
0.016156911849975586
0.016503095626831055
0.01661086082458496
0.015683889389038086
0.016136884689331055
0.01601576805114746
0.015964031219482422
0.0164029598236084
0.016212940216064453
0.016431093215942383
0.016501188278198242
0.016756296157836914
0.015915632247924805
0.015723705291748047
0.016214847564697266
0.015991926193237305
0.01573467254638672
0.016653060913085938
0.016626834869384766
0.0166170597076416
0.015803098678588867
0.016304969787597656
0.0159759521484375
0.015866994857788086
0.016093969345092773
0.01629495620727539
0.01677393913269043
0.016065120697021484
0.016536951065063477
0.016165733337402344
0.01583719253540039
0.016295194625854492
0.016654014587402344
0.015879154205322266
0.016285181045532227
0.01652812957763672
0.016550779342651367
0.0164947509765625
0.016937971115112305
0.01672220230102539
0.01627182960510254
0.016108036041259766
0.016489267349243164
0.016459941864013672
0.016117095947265625
0.016264915466308594
0.016427040100097656
0.016467809677124023
0.016132116317749023
0.016281843185424805
0.015903234481811523
0.016307353973388672
0.01655292510986328
0.01616215705871582
0.015793800354003906
0.015841007232666016
0.016752958297729492
0.016683101654052734
0.016167879104614258
0.016393184661865234
0.016093015670776367
0.016334056854248047
0.016190052032470703
0.016292095184326172
0.01628708839416504
0.016318082809448242
0.016128063201904297
0.01655411720275879
0.01624894142150879
0.016323089599609375
0.016325712203979492
0.016467809677124023
0.016124725341796875
0.01639723777770996
0.016391992568969727
0.01604604721069336
0.01627802848815918
0.016300678253173828
0.015940189361572266
0.01605510711669922
0.016286134719848633
0.016511917114257812
0.01606297492980957
0.015641212463378906
0.016201019287109375
0.01645684242248535
0.01587986946105957
0.023660898208618164
0.016522884368896484
0.01627373695373535
0.01617717742919922
0.016216754913330078
0.016198158264160156
0.016281843185424805
0.016576051712036133
0.016273975372314453
0.016257047653198242
0.01612997055053711
0.016223907470703125
0.016438007354736328
0.016392946243286133
0.016124248504638672
0.01619410514831543
0.016340970993041992
0.016463041305541992
0.016757965087890625
0.016010046005249023
0.01592230796813965
0.016019821166992188
0.01605677604675293
0.016457080841064453
0.015964031219482422
0.01641225814819336
0.016136884689331055
0.016366958618164062
0.016499996185302734
0.016648054122924805
0.015823841094970703
0.015818119049072266
0.016572952270507812
0.015780210494995117
0.016210079193115234
0.0166628360748291
0.016482830047607422
0.01636815071105957
0.01594376564025879
0.01615309715270996
0.016572237014770508
0.01660323143005371
0.016687870025634766
0.015903949737548828
0.01628589630126953
0.016026735305786133
0.016541242599487305
0.015935897827148438
0.016515254974365234
0.016742944717407227
0.01624917984008789
0.016028881072998047
0.016371965408325195
0.016778945922851562
0.016550064086914062
0.0164792537689209
0.01640772819519043
0.016041994094848633
0.016044139862060547
0.016856908798217773
0.016650915145874023
0.016331195831298828
0.015970945358276367
0.01581287384033203
0.01662302017211914
0.016350984573364258
0.016253948211669922
0.016602754592895508
0.015973329544067383
0.01615309715270996
0.016576051712036133
0.015916109085083008
0.016524076461791992
0.015841960906982422
0.016467809677124023
0.016548871994018555
0.016045093536376953
0.016348838806152344
0.016338109970092773
0.015923023223876953
0.01613616943359375
0.016721010208129883
0.016144752502441406
0.015925884246826172
0.01672816276550293
0.016308069229125977
0.01625990867614746
0.01629185676574707
0.0167081356048584
0.015757083892822266
0.0163571834564209
0.016325950622558594
0.01624321937561035
0.015880823135375977
0.015959739685058594
0.01612997055053711
0.01633310317993164
0.016214847564697266
0.016579866409301758
0.016223907470703125
0.01607489585876465
0.01581740379333496
0.016604900360107422
0.016156911849975586
0.016577959060668945
0.016512155532836914
0.016208887100219727
0.01581573486328125
0.015996932983398438
0.01633310317993164
0.015798091888427734
0.016204118728637695
0.016536951065063477
0.016295909881591797
0.016299009323120117
0.01615309715270996
0.0164339542388916
0.01635003089904785
0.015844106674194336
0.01624894142150879
0.016247987747192383
0.01635599136352539
0.015826940536499023
0.01651930809020996
0.016525983810424805
0.016370773315429688
0.016314268112182617
0.016309022903442383
0.016264915466308594
0.016121864318847656
0.01621699333190918
0.01600480079650879
0.01594710350036621
0.016402006149291992
0.016371965408325195
0.01655292510986328
0.016160964965820312
0.01611495018005371
0.015659093856811523
0.016376018524169922
0.01615595817565918
0.016176700592041016
0.016765832901000977
0.01630711555480957
0.016303062438964844
0.015993833541870117
0.01659393310546875
0.01630997657775879
0.016483068466186523
0.01633596420288086
0.016399145126342773
0.016077041625976562
0.016192913055419922
0.016640901565551758
0.01647782325744629
0.016340970993041992
0.015703916549682617
0.0225222110748291
0.016359329223632812
0.016232967376708984
0.016324996948242188
0.016225099563598633
0.016398906707763672
0.0160369873046875
0.015719890594482422
0.016718626022338867
0.015958070755004883
0.016807079315185547
0.01680612564086914
0.01608896255493164
0.0163271427154541
0.015985965728759766
0.01638007164001465
0.015935182571411133
0.01621103286743164
0.016272783279418945
0.016279220581054688
0.016325950622558594
0.016334056854248047
0.016587018966674805
0.016359806060791016
0.01680731773376465
0.01658797264099121
0.016310930252075195
0.016041994094848633
0.016284942626953125
0.016463041305541992
0.016049861907958984
0.016305923461914062
0.01673412322998047
0.01647496223449707
0.01671004295349121
0.01646900177001953
0.01630997657775879
0.016174793243408203
0.0165712833404541
0.01658487319946289
0.01610398292541504
0.015717267990112305
0.016323089599609375
0.01639389991760254
0.016614913940429688
0.01647496223449707
0.016342639923095703
0.016144275665283203
0.01684880256652832
0.01618504524230957
0.01636505126953125
0.015887022018432617
0.016444921493530273
0.016705036163330078
0.016718149185180664
0.01636195182800293
0.01596999168395996
0.01599407196044922
0.016485929489135742
0.01665210723876953
0.01621866226196289
0.016463279724121094
0.016292810440063477
0.01648712158203125
0.0162508487701416
0.016386032104492188
0.016459941864013672
0.016206026077270508
0.016778945922851562
0.016431808471679688
0.015905141830444336
0.016078710556030273
0.016525983810424805
0.01662278175354004
0.016499757766723633
0.016284942626953125
0.016329050064086914
0.015712976455688477
0.016705036163330078
0.016082763671875
0.016641855239868164
0.016328096389770508
0.016363859176635742
0.016239166259765625
0.016106128692626953
0.016693830490112305
0.016125917434692383
0.016653060913085938
0.015896081924438477
0.01673412322998047
0.016407012939453125
0.015696048736572266
0.015932083129882812
0.015757083892822266
0.01646280288696289
0.016309022903442383
0.016116857528686523
0.016571760177612305
0.016106843948364258
0.016809940338134766
0.015805959701538086
0.016582727432250977
0.016207218170166016
0.01627492904663086
0.0158998966217041
0.016412973403930664
0.016715049743652344
0.01620197296142578
0.0163421630859375
0.016133785247802734
0.016263961791992188
0.01624608039855957
0.01632404327392578
0.016728878021240234
0.015708208084106445
0.016340017318725586
0.01611804962158203
0.016675233840942383
0.01647782325744629
0.01642298698425293
0.01622915267944336
0.01623988151550293
0.016621112823486328
0.016184091567993164
0.016487836837768555
0.01578998565673828
0.016892194747924805
0.01666092872619629
0.016509056091308594
0.016025066375732422
0.016301870346069336
0.01590704917907715
0.016024112701416016
0.016137123107910156
0.01658010482788086
0.015790939331054688
0.01615595817565918
0.016270160675048828
0.016366958618164062
0.016446828842163086
0.01577901840209961
0.016329050064086914
0.016475915908813477
0.016520261764526367
0.01611018180847168
0.016119956970214844
0.016353845596313477
0.015823841094970703
0.016375064849853516
0.01653313636779785
0.01635003089904785
0.016127824783325195
0.016484975814819336
0.016908884048461914
0.016604185104370117
0.016276121139526367
0.015973806381225586
0.022670984268188477
0.01665806770324707
0.01661968231201172
0.01652216911315918
0.01655888557434082
0.016730785369873047
0.01572728157043457
0.015819072723388672
0.016483068466186523
0.016090869903564453
0.01624321937561035
0.016054153442382812
0.01683807373046875
0.01639389991760254
0.01638507843017578
0.01638507843017578
0.016269207000732422
0.016218900680541992
0.016186237335205078
0.016582965850830078
0.0164029598236084
0.016190767288208008
0.016170024871826172
0.01674509048461914
0.01587390899658203
0.016494035720825195
0.016541242599487305
0.015903949737548828
0.01639866828918457
0.016736984252929688
0.016448020935058594
0.016357898712158203
0.01607489585876465
0.01633310317993164
0.016431808471679688
0.01689910888671875
0.016405105590820312
0.01681065559387207
0.016592025756835938
0.016501903533935547
0.016062021255493164
0.016402006149291992
0.016356229782104492
0.016371965408325195
0.016750097274780273
0.016678810119628906
0.0159909725189209
0.01624917984008789
0.01611185073852539
0.016805171966552734
0.016710758209228516
0.016476869583129883
0.0165250301361084
0.016109943389892578
0.016633033752441406
0.016156911849975586
0.0162661075592041
0.01573801040649414
0.01648402214050293
0.016522884368896484
0.01653599739074707
0.01612114906311035
0.015642881393432617
0.015834808349609375
0.016157865524291992
0.01660299301147461
0.015970706939697266
0.01591801643371582
0.016315221786499023
0.016594886779785156
0.016710758209228516
0.016701936721801758
0.016570091247558594
0.01634693145751953
0.01621079444885254
0.01675891876220703
0.016149044036865234
0.01675891876220703
0.01630425453186035
0.016329050064086914
0.016419649124145508
0.0163571834564209
0.016717910766601562
0.016104936599731445
0.01636981964111328
0.016451120376586914
0.01625204086303711
0.01588296890258789
0.015564203262329102
0.016198158264160156
0.01623082160949707
0.015951871871948242
0.016104936599731445
0.0167999267578125
0.016352176666259766
0.015958070755004883
0.016524791717529297
0.016078948974609375
0.016217947006225586
0.01654195785522461
0.016091108322143555
0.016190290451049805
0.01580071449279785
0.016802072525024414
0.01588606834411621
0.016022920608520508
0.016253948211669922
0.01631474494934082
0.01612710952758789
0.015881061553955078
0.016031980514526367
0.016196012496948242
0.016045093536376953
0.015707015991210938
0.01577591896057129
0.01639699935913086
0.016310930252075195
0.016825199127197266
0.016072988510131836
0.01635289192199707
0.016397953033447266
0.01656794548034668
0.01613593101501465
0.016437053680419922
0.01673412322998047
0.016373872756958008
0.01627802848815918
0.01606917381286621
0.01638007164001465
0.016262054443359375
0.01648688316345215
0.016670942306518555
0.016080141067504883
0.015871286392211914
0.016660213470458984
0.01638317108154297
0.016705036163330078
0.015833139419555664
0.01641082763671875
0.015980005264282227
0.01634502410888672
0.016466856002807617
0.01624608039855957
0.016043901443481445
0.016252994537353516
0.01679205894470215
0.016163110733032227
0.0166471004486084
0.016764163970947266
0.01639699935913086
0.016442060470581055
0.015948772430419922
0.016260147094726562
0.015887975692749023
0.015890836715698242
0.017037153244018555
0.016184091567993164
0.02343916893005371
0.016293048858642578
0.016555070877075195
0.01648688316345215
0.016682863235473633
0.01639389991760254
0.016749143600463867
0.01667189598083496
0.015973806381225586
0.01673293113708496
0.01614212989807129
0.01665520668029785
0.016318082809448242
0.016273975372314453
0.016083955764770508
0.01633286476135254
0.01643204689025879
0.01615166664123535
0.016657352447509766
0.016384601593017578
0.01604318618774414
0.016474008560180664
0.01580071449279785
0.01586294174194336
0.016280174255371094
0.01625204086303711
0.01655721664428711
0.0162198543548584
0.016630887985229492
0.016296863555908203
0.016124963760375977
0.016633033752441406
0.01642298698425293
0.01630115509033203
0.016409873962402344
0.016463041305541992
0.01639103889465332
0.016104936599731445
0.015915870666503906
0.01658010482788086
0.016003131866455078
0.01637887954711914
0.016740083694458008
0.016329050064086914
0.016360044479370117
0.016026020050048828
0.016265869140625
0.016336917877197266
0.016740083694458008
0.016252994537353516
0.01645183563232422
0.01619124412536621
0.01583576202392578
0.016124963760375977
0.01636672019958496
0.016685009002685547
0.01671910285949707
0.016060829162597656
0.016299962997436523
0.015861988067626953
0.016005992889404297
0.016501188278198242
0.016556978225708008
0.01606893539428711
0.01578807830810547
0.016110658645629883
0.01642608642578125
0.01609516143798828
0.016206026077270508
0.016202926635742188
0.016440153121948242
0.016030073165893555
0.016593217849731445
0.01581287384033203
0.016273021697998047
0.016303062438964844
0.016469955444335938
0.01628899574279785
0.016417980194091797
0.01632380485534668
0.01633620262145996
0.01628398895263672
0.016250133514404297
0.016466856002807617
0.016299009323120117
0.01636219024658203
0.01631903648376465
0.01641082763671875
0.016462087631225586
0.016800880432128906
0.01686882972717285
0.016111135482788086
0.016395092010498047
0.016219139099121094
0.016015052795410156
0.016145944595336914
0.016337156295776367
0.01673102378845215
0.016777992248535156
0.01646590232849121
0.01637101173400879
0.01618504524230957
0.01619887351989746
0.016587018966674805
0.016071796417236328
0.01678633689880371
0.01601386070251465
0.016331911087036133
0.016343116760253906
0.01655292510986328
0.016284942626953125
0.016721725463867188
