BACKTRACKS
611
330
109
69
35
37
0
2
38
3
68
34
189
5
34
0
1
2
74
108
42
51
2
0
36
20
68
3
3
51
17
20
34
6
1
178
58
89
41
32
73
16
12
13
10
0
4
14
8
26
16
7
68
63
18
39
42
22
25
32
0
9
39
5
12
33
22
8
73
17
351
45
36
40
86
9
20
1
16
22
4
5
62
34
31
25
7
13
8
20
62
14
9
1
16
33
11
123
10
17
6
10
5
24
20
5
10
14
2
1
12
27
27
20
19
48
5
13
24
20
44
8
17
22
11
10
8
19
12
5
1
33
11
0
0
14
104
27
45
66
4
13
4
9
74
48
93
2
33
29
8
7
2
61
14
7
67
35
60
18
7
2
17
115
7
4
19
45
3
16
10
22
12
3
3
0
14
31
6
0
18
11
10
2
5
5
21
13
0
0
2
8
13
25
1
81
0
2
15
10
0
1
20
17
42
0
16
0
25
14
9
35
3
17
12
13
0
1
5
11
31
18
33
73
12
7
4
31
1
39
1
10
3
0
2
20
48
19
14
20
2
4
3
26
35
10
0
7
1
23
6
18
15
0
3
5
6
14
10
23
1
10
16
32
5
20
2
28
4
14
10
15
15
1
3
24
0
2
21
2
14
2
63
43
20
7
20
34
39
14
18
3
10
0
16
12
4
17
12
3
5
11
6
10
2
0
2
20
27
11
16
18
31
17
0
0
10
1
21
9
19
0
3
4
28
14
28
5
16
3
36
18
2
20
1
7
11
2
27
9
6
38
3
0
39
10
4
10
3
10
3
17
38
40
2
15
8
6
6
8
12
2
15
23
2
13
48
21
1
15
16
0
4
35
1
8
15
193
2
3
8
1
19
31
13
84
9
8
6
11
2
3
8
3
18
4
1
22
1
5
5
9
8
5
3
9
4
10
7
7
0
0
35
12
26
43
4
4
1
13
15
19
0
15
6
12
18
5
69
6
1
10
34
34
2
3
6
0
6
11
1
4
3
0
21
9
14
3
2
2
8
1
6
46
52
3
13
4
1
11
16
2
28
10
15
3
1
7
16
16
2
13
30
1
18
9
48
11
29
15
4
7
17
25
16
18
0
15
21
3
3
133
2
0
8
17
3
11
6
8

SPEED IN ITERATIONS PER SECOND
84.46826229357123

ASSIGNMENTS
1226
663
223
144
73
75
2
7
81
9
141
71
380
10
70
2
3
10
153
219
89
105
6
3
75
41
141
8
6
103
36
43
69
14
4
358
117
180
84
67
149
36
26
27
23
2
10
30
20
56
34
17
138
128
40
81
87
47
51
66
6
22
79
14
27
68
45
19
149
37
702
93
72
82
175
21
44
5
36
46
12
14
128
71
65
52
16
29
19
42
127
33
22
8
33
67
23
248
23
38
14
23
11
51
42
15
20
32
8
6
26
56
57
42
40
99
13
28
51
42
89
19
35
45
25
25
20
41
26
12
4
67
24
2
6
31
209
56
93
136
10
29
13
20
151
97
188
6
67
60
18
17
7
122
33
16
137
76
123
40
16
6
37
233
15
10
42
91
10
32
22
46
26
10
7
4
31
67
14
1
37
23
21
5
13
12
43
28
2
2
4
18
29
51
5
162
1
7
33
21
1
7
41
36
86
4
35
2
52
30
24
72
8
35
26
31
2
3
12
24
71
40
66
151
30
15
10
65
4
81
3
23
7
2
5
44
99
42
30
42
6
11
8
52
74
21
1
18
3
48
14
37
33
6
9
12
13
28
23
48
6
23
34
66
12
45
5
58
10
31
23
30
31
7
12
52
1
5
44
8
29
6
126
87
41
15
42
69
80
31
38
7
22
1
34
24
9
38
28
8
11
24
13
23
8
1
8
45
56
23
32
36
63
37
1
1
21
4
45
21
41
5
9
9
57
30
57
12
33
12
77
38
5
41
6
18
24
5
58
19
13
78
7
1
80
22
10
22
6
21
8
37
79
84
6
32
19
12
16
17
27
6
33
48
6
30
98
42
3
30
33
1
12
71
2
20
34
391
7
8
17
5
42
66
29
169
20
19
12
24
8
11
18
7
37
10
5
47
4
11
14
22
17
16
9
19
8
21
19
18
4
3
70
27
53
88
12
11
5
28
31
41
5
32
13
27
36
12
139
15
5
22
71
68
8
7
13
3
13
27
3
12
9
4
43
21
30
7
6
4
20
6
14
92
107
12
27
10
5
24
34
5
58
21
34
10
5
15
34
34
7
31
62
5
38
22
99
23
60
33
8
17
37
54
34
38
4
31
43
10
8
270
6
2
18
36
7
23
14
18

TIME PER ITERATION
45.21688485145569
27.14127206802368
19.61514186859131
10.785897016525269
8.606959104537964
10.499097108840942
5.343963146209717
5.72563099861145
8.152070999145508
5.836428165435791
9.119869232177734
8.027389764785767
17.806731939315796
5.973857164382935
12.076301097869873
5.343784809112549
5.665909051895142
5.565246105194092
12.232671976089478
10.638374090194702
8.686448097229004
8.947575807571411
5.376575231552124
5.181177854537964
10.966659784317017
6.8288819789886475
8.903154134750366
5.487943172454834
5.816410303115845
8.85793685913086
6.640401124954224
7.220917701721191
8.226231098175049
6.429667949676514
5.526007890701294
25.97877597808838
8.604634046554565
13.227724075317383
8.633185148239136
7.1333959102630615
12.033612728118896
7.52464485168457
5.939980983734131
6.374608993530273
6.329000949859619
5.368891954421997
5.838259935379028
6.824476957321167
5.795271158218384
9.833466053009033
6.987552165985107
6.019311189651489
10.690435886383057
8.207435131072998
6.6268470287323
8.275957107543945
7.618672847747803
7.484182119369507
8.543939113616943
8.485729932785034
5.369470834732056
6.0194361209869385
7.348866701126099
5.690294981002808
6.4230310916900635
9.242522239685059
7.246509075164795
6.451014041900635
13.529203176498413
7.489378929138184
22.91595721244812
9.58495807647705
8.18938422203064
11.96292495727539
13.479709148406982
6.166027069091797
7.006773948669434
5.333702802658081
6.710829019546509
7.680683135986328
5.458141803741455
5.870997905731201
10.497313737869263
9.261139869689941
7.3998777866363525
8.225768327713013
5.898622989654541
6.343652009963989
6.013408899307251
6.517781019210815
10.996912956237793
6.582616806030273
5.886357069015503
5.3750879764556885
6.461722135543823
7.89869499206543
6.552727937698364
11.530682802200317
6.107323884963989
6.925879240036011
5.873304128646851
6.059338092803955
6.344598054885864
9.494566202163696
6.996730089187622
5.747695207595825
7.409195184707642
6.524119138717651
5.527908086776733
5.271085262298584
6.4688920974731445
7.7723870277404785
7.320373058319092
7.078733205795288
7.838551998138428
9.48338508605957
5.806265115737915
7.166001081466675
7.8397839069366455
6.39382004737854
8.21232795715332
6.0621421337127686
6.520548105239868
7.926792860031128
6.2643208503723145
6.0951597690582275
5.972469091415405
7.129428863525391
6.055254936218262
6.239916801452637
5.441261053085327
7.7650041580200195
5.890771865844727
5.212262868881226
5.234260082244873
6.601967811584473
11.019134998321533
7.332424879074097
11.170248985290527
9.190149068832397
5.633969306945801
5.930538892745972
5.547661781311035
6.3113319873809814
9.025272130966187
8.12019681930542
10.308917999267578
5.299624919891357
7.750701904296875
8.031600952148438
6.1668150424957275
5.826114892959595
5.711392164230347
12.167298793792725
6.03169322013855
5.995618104934692
9.84751582145691
7.481467008590698
10.094809293746948
6.63593602180481
6.051933288574219
5.671000003814697
5.888561964035034
19.289461135864258
6.099738121032715
5.614663124084473
6.583420753479004
8.843722105026245
5.51115083694458
7.596009016036987
6.329073190689087
7.295222997665405
6.442233085632324
5.364753246307373
5.48628306388855
5.178387880325317
5.881707668304443
8.737797021865845
5.460136890411377
5.27681303024292
7.28718900680542
6.336425065994263
6.159183740615845
5.826537132263184
5.793848037719727
5.8365700244903564
7.403367757797241
6.62864089012146
5.157762050628662
5.18016791343689
5.777491807937622
5.81547212600708
6.54738187789917
6.444971084594727
5.229814052581787
15.646594047546387
5.404392957687378
5.431965351104736
6.22982382774353
6.319303035736084
5.319559097290039
5.283176898956299
6.7206902503967285
6.373311996459961
9.477356195449829
5.2871198654174805
7.237342834472656
5.380619049072266
7.138178110122681
6.503284931182861
6.618960857391357
7.959974050521851
5.62050199508667
6.782804012298584
6.05872917175293
6.117192268371582
5.263774871826172
5.457909822463989
5.596189022064209
6.352370977401733
7.147695064544678
7.352571964263916
7.800895929336548
13.041982889175415
5.76035475730896
5.974315881729126
5.775431871414185
8.444104194641113
6.451988935470581
7.84620475769043
5.385577917098999
6.702644109725952
5.742769956588745
5.312580108642578
5.749988079071045
6.452265977859497
10.275130033493042
6.728160858154297
6.738675355911255
6.869483947753906
5.667959690093994
5.889302015304565
5.8592689037323
7.609522819519043
9.00658893585205
6.08516001701355
5.241574764251709
5.725136995315552
5.413877248764038
6.826631307601929
5.837230920791626
6.360234975814819
6.343487977981567
5.254660129547119
5.502697944641113
5.637748956680298
5.999823808670044
6.9815239906311035
6.129828214645386
7.428886651992798
5.481475114822388
6.501662969589233
6.6419360637664795
7.70648193359375
5.785937070846558
7.629431962966919
5.6256489753723145
6.735281944274902
5.80085301399231
6.1595940589904785
5.97172212600708
6.810518026351929
6.204787015914917
5.34488582611084
5.541661977767944
6.808027982711792
5.253714323043823
5.660061836242676
6.9302191734313965
5.429548025131226
6.896343946456909
5.4886369705200195
14.290623903274536
8.682318925857544
6.850171089172363
5.904685974121094
6.519455909729004
7.205963850021362
8.685498714447021
6.852725028991699
7.039731979370117
5.736464023590088
6.300790071487427
5.292581081390381
6.7118401527404785
6.606515884399414
6.40072226524353
7.091780662536621
6.807400941848755
5.66965389251709
6.032038927078247
6.579180955886841
5.552489995956421
6.726947069168091
5.650763034820557
5.350642919540405
5.528639078140259
6.148714065551758
7.67303991317749
5.898514986038208
6.583683013916016
6.957839250564575
6.892232894897461
6.710445165634155
5.396978855133057
5.361588001251221
6.0631139278411865
5.355824947357178
6.939307928085327
6.3843278884887695
7.74058198928833
5.381032228469849
5.297779083251953
5.932725191116333
6.655449867248535
6.355401039123535
6.801029920578003
6.095640182495117
6.414179086685181
5.767432928085327
7.18605899810791
6.809626817703247
5.717901945114136
7.001572132110596
5.428817987442017
6.133582830429077
5.997838020324707
5.898707151412964
7.08252477645874
6.7454118728637695
6.141458988189697
10.472856760025024
5.840662002563477
5.263487100601196
7.703346014022827
6.245564937591553
5.850614070892334
6.3141491413116455
5.541660308837891
5.70683217048645
5.620531797409058
6.7846291065216064
7.178414821624756
7.366326093673706
5.418617248535156
6.388983964920044
5.790960311889648
6.038511753082275
5.725661993026733
6.0592920780181885
6.638114929199219
5.654932260513306
6.584959983825684
7.2026660442352295
5.599043846130371
6.561363935470581
8.368502140045166
7.652606964111328
5.453836679458618
6.52910590171814
6.478792905807495
5.451995134353638
5.859231948852539
7.417131185531616
5.528500080108643
6.180181980133057
6.7208380699157715
15.711129188537598
5.668134927749634
5.567914009094238
6.638216972351074
5.608358144760132
7.025984048843384
8.068501710891724
6.411686897277832
12.785419940948486
5.927806854248047
6.29315710067749
6.484986066818237
6.1963279247283936
5.397183895111084
5.5628180503845215
5.818372011184692
5.812369108200073
7.42296290397644
5.717602014541626
5.400334119796753
6.987798690795898
5.435779094696045
5.945250988006592
6.008260011672974
5.952331066131592
6.193325042724609
5.797333002090454
5.439175844192505
5.879101991653442
5.829140901565552
6.2823591232299805
6.009545803070068
5.655882120132446
5.2497570514678955
5.268890142440796
8.29757308959961
6.098663806915283
8.183343172073364
9.943819046020508
5.813583135604858
5.576862335205078
5.4432151317596436
6.70707631111145
6.510677814483643
7.616635084152222
5.215188264846802
6.2400031089782715
5.753730773925781
6.719432830810547
7.272674083709717
5.762254953384399
10.47728180885315
5.973426818847656
5.532944202423096
6.874677896499634
9.471634149551392
8.289498805999756
5.635636806488037
5.834000825881958
6.098188161849976
5.373605966567993
6.088604927062988
6.197629928588867
5.615237236022949
5.869575023651123
5.7502100467681885
5.412055015563965
7.517672061920166
6.432775974273682
6.758577823638916
5.93484091758728
5.450182914733887
5.885964870452881
6.353679895401001
5.543902158737183
6.126230955123901
10.179084062576294
12.350551128387451
6.0686280727386475
6.744257926940918
5.821576118469238
5.4068732261657715
6.538003921508789
7.141037940979004
5.581083059310913
7.553685903549194
5.782562017440796
6.412030935287476
5.55612325668335
5.301591873168945
6.157286167144775
6.696279048919678
6.621409177780151
5.509434938430786
6.5913801193237305
7.453460931777954
5.529068946838379
7.105292081832886
5.842780113220215
9.780421018600464
5.9418628215789795
8.266895055770874
6.28331995010376
6.27842903137207
6.213347911834717
6.3093581199646
7.55682110786438
6.306474924087524
6.546504020690918
5.255599737167358
6.704697132110596
8.291363000869751
5.596529960632324
5.718733072280884
12.447050094604492
5.419811248779297
5.304440021514893
5.954827070236206
6.419656991958618
5.729362964630127
6.594413757324219
6.113821268081665
5.919141054153442
