BACKTRACKS
248
447
284
35
62
26
96
97
18
27
6
62
17
1
26
18
8
2
5
1
63
0
3
1
11
6
10
21
34
2
8
11
19
8
9
16
2
6
11
13
0
0
4
1
8
18
5
14
3
3
8
3
8
10
6
287
12
8
1
8
5
16
12
4
17
7
10
8
1
3
3
3
4
7
6
1
4
2
9
13
1
3
6
30
0
5
4
5
2
3
6
9
14
5
3
1
1
9
23
1

SPEED IN ITERATIONS PER SECOND
0.03242132269458428

ASSIGNMENTS
503
897
574
72
125
53
194
196
36
55
14
127
40
5
55
37
18
8
15
5
130
1
10
4
25
12
23
45
71
7
16
25
42
17
18
36
6
17
27
27
1
2
11
5
16
37
12
28
7
7
20
7
17
23
17
578
27
16
3
17
11
33
25
10
37
16
21
20
6
7
9
8
11
19
14
8
11
6
21
28
4
7
15
63
1
13
13
13
5
10
14
19
32
11
9
3
4
19
49
4
