BACKTRACKS
254
377
288
35
62
26
75
76
19
25
6
50
16
1
26
30
7
2
4
0
53
0
3
0
11
6
9
16
34
2
5
10
19
10
9
15
0
6
10
14
0
0
1
1
7
18
5
13
3
3
8
3
8
10
6
276
10
8
2
8
4
18
10
4
15
8
9
8
1
2
0
3
4
6
7
1
4
1
11
14
1
3
5
28
0
4
4
5
2
2
6
11
16
6
3
2
1
8
24
1

SPEED IN ITERATIONS PER SECOND
0.12984905132300203

ASSIGNMENTS
517
758
583
73
125
53
154
156
38
52
15
105
38
6
55
61
16
10
15
5
110
2
10
3
25
12
21
38
71
7
10
23
43
21
18
34
3
20
26
30
2
4
5
7
16
37
15
27
7
8
20
10
17
23
20
558
24
16
6
17
9
37
22
11
35
18
19
20
8
9
4
9
13
20
17
11
11
5
25
31
4
8
13
60
2
11
15
14
6
10
18
23
39
14
10
5
8
18
54
4
