BACKTRACKS
28
111
18
26
25
36
1
4
0
12
12
3
11
55
20
7
48
17
38
8
34
0
8
3
0
35
4
2
4
3
30
13
8
4
20
11
8
11
28
6
19
1
4
32
2
1
9
17
3
6
20
1
36
6
8
14
7
8
1
7
33
20
2
3
12
6
2
27
0
1
5
5
7
1
11
8
5
2
3
3
12
16
10
7
3
11
7
10
6
9
8
19
7
5
2
8
0
2
3
2

SPEED IN ITERATIONS PER SECOND
0.15113379950827566

ASSIGNMENTS
56
225
39
55
54
75
2
8
1
24
27
10
25
114
42
14
100
37
76
16
68
3
19
11
3
71
9
7
9
8
62
26
17
11
41
25
18
24
59
16
44
4
11
67
9
4
19
37
8
13
41
4
72
14
18
32
17
18
5
14
67
45
7
9
24
15
5
57
4
4
11
12
14
4
22
19
13
5
9
6
25
32
23
16
7
23
16
21
15
21
18
41
15
12
6
17
4
6
8
6
