BACKTRACKS
72
46
170
29
50
41
74
10
26
50
83
16
15
35
6
6
41
86
12
89
34
14
2
35
6
16
40
5
3
23
6
23
5
33
2
75
5
58
35
73
155
43
30
31
46
47
141
32
13
19
13
12
14
3
48
11
14
88
39
50
40
34
1
377
0
18
13
28
29
8
22
23
31
4
80
14
11
15
1
37
0
18
4
4
5
32
12
3
2
1
5
23
21
22
17
75
5
30
56
37
22
6
14
8
53
1
8
1
19
12
31
8
19
22
17
105
38
66
1
34
94
6
10
30
4
27
39
29
7
38
10
11
18
16
84
7
15
45
4
164
38
8
43
26
144
13
4
76
2
3
26
3
12
4
11
26
3
38
18
7
9
33
20
60
1
7
21
16
1
17
30
14
4
31
24
41
17
21
12
31
14
1
11
13
16
1
14
20
4
12
5
15
15
184
32
12
56
14
9
9
26
18
5
20
22
26
3
57
53
21
18
11
5
17
14
73
5
1
0
35
88
12
12
11
32
32
76
1
3
41
11
60
48
0
33
10
16
18
1
32
40
11
45
51
15
23
4
29
98
8
55
21
30
18
44
13
1
13
5
13
4
13
40
14
6
4

SPEED IN ITERATIONS PER SECOND
0.1279407317850305

ASSIGNMENTS
145
96
340
63
100
84
155
22
56
105
171
38
32
77
16
19
84
178
29
184
70
29
8
73
15
38
87
12
13
53
23
52
13
68
10
154
15
117
73
147
311
93
66
66
92
95
287
67
29
41
27
28
31
17
98
27
29
182
78
102
80
74
7
758
4
42
29
62
62
18
48
49
69
9
162
32
23
36
4
78
6
39
13
9
13
64
28
10
7
8
16
50
42
51
38
152
14
62
118
76
45
13
29
19
107
7
22
8
40
27
63
19
38
45
37
215
80
134
9
68
190
18
23
66
10
56
87
63
17
81
23
25
36
34
173
17
35
93
12
329
84
16
93
54
297
26
15
157
7
8
54
12
36
13
24
52
10
83
41
21
20
66
41
121
8
15
43
37
6
35
66
29
14
62
52
83
40
43
26
64
29
4
25
31
33
3
32
41
15
28
13
31
35
368
67
25
112
34
19
21
56
40
19
43
52
58
7
114
111
47
42
24
11
36
33
146
16
7
6
72
181
29
27
27
66
65
157
4
8
84
22
123
96
3
66
24
35
41
7
67
81
25
94
105
34
47
14
59
200
21
115
42
64
40
88
31
4
28
12
35
14
30
82
32
17
10
