BACKTRACKS
554
325
216
133
88
54
1
25
28
24
24
37
83
10
21
12
2
2
168
77
22
94
6
167
35
13
86
53
1
44
9
4
6
8
14
40
58
74
8
0
2
58
23
22
71
2
15
18
21
51
26
9
6
100
7
13
14
8
10
10
9
26
44
11
2
36
5
13
81
5
168
62
4
8
55
18
19
39
27
9
23
0
12
50
7
36
2
68
10
7
64
13
18
10
10
11
24
4
13
16

SPEED IN ITERATIONS PER SECOND
0.11173084172186709

ASSIGNMENTS
1112
653
438
270
179
110
3
51
60
49
52
75
169
22
45
28
4
10
341
157
49
193
13
337
71
29
175
107
3
91
22
11
15
19
29
84
116
154
18
4
7
117
47
45
144
5
31
39
43
103
53
19
15
201
16
28
30
18
22
23
22
58
90
25
5
73
14
30
165
14
337
125
11
18
112
38
41
80
56
23
48
4
27
103
19
73
8
138
22
17
129
28
39
25
23
24
49
12
31
36
