BACKTRACKS
2
21
6
26
13
1
1
10
7
7
18
21
28
23
9
22
9
15
27
21
6
13
35
62
8
27
9
5
6
6
3
12
12
2
0
18
7
27
3
61
1
5
7
10
45
48
21
2
24
10
5
11
4
34
13
3
8
10
19
45
6
1
23
77
7
8
10
21
4
9
22
1
28
22
10
14
12
66
10
1
0
11
6
3
15
10
11
16
4
25
2
10
27
0
2
1
3
6
27
14
8
3
16
1
4
17
31
2
30
3
17
65
13
7
27
107
3
1
2
1
43
9
35
3
32
3
6
4
8
39
28
0
5
17
1
29
121
7
4
81
4
11
46
6
45
12
6
4
4
45
6
6
3
7
13
0
5
11
10
5
10
14
20
6
9
25
1
24
17
6
9
1
12
1
27
49
6
1
58
2
11
8
33
35
1
19
10
19
33
29
3
13
1
12
9
1
2
25
7
15
0
1
1
27
1
19
5
14
15
3
7
3
9
23
4
0
1
13
15
1
17
1
5
2
46
13
15
9
15
68
56
7
1
5
13
11
26
7
29
7
2
18
1
5
49
0
5
4
0
25
3
25
9
26
4
0
18
3
25
4
11
1
61
25
6
6

SPEED IN ITERATIONS PER SECOND
0.14966977980396626

ASSIGNMENTS
9
45
14
56
28
5
5
20
17
18
37
44
60
49
20
46
22
30
57
45
16
27
71
127
18
56
21
13
17
14
8
26
25
5
4
38
17
55
11
127
4
14
20
21
92
96
48
6
52
24
12
24
10
69
30
9
17
27
41
92
14
3
47
157
17
18
27
44
11
21
45
4
58
46
22
30
27
134
22
3
1
23
13
7
32
22
27
34
10
51
5
22
57
3
5
6
7
14
57
30
18
8
34
5
12
37
63
7
60
9
38
133
27
17
56
217
8
3
8
4
94
23
71
11
66
7
16
13
18
82
58
2
11
34
2
61
243
19
11
164
10
24
94
13
91
25
13
13
9
90
14
14
10
15
29
7
11
26
24
12
24
30
43
15
19
51
3
49
36
14
20
5
24
4
58
102
14
4
120
7
23
17
70
73
6
39
24
40
68
61
11
26
7
25
23
5
6
53
16
33
2
3
4
57
3
40
13
33
32
9
19
9
22
49
8
1
8
29
34
6
37
4
13
7
92
29
30
19
31
139
117
17
4
13
29
23
54
15
62
15
7
38
4
12
100
5
12
10
3
53
7
52
22
54
10
1
39
10
50
10
23
4
124
51
14
16
