BACKTRACKS
25
18
87
22
42
166
21
0
125
67
16
71
77
19
294
108
5
62
105
60
15
24
16
77
41
56
82
36
1
16
16
11
11
36
1
71
11
106
3
19
299
31
58
27
52
59
46
37
26
38
53
64
6
24
184
5
19
46
44
153
38
62
14
13
50
2
7
28
111
16
11
71
26
0
67
23
10
124
35
122
23
8
10
45
12
63
61
37
71
33
2
26
0
17
29
7
3
110
16
22

SPEED IN ITERATIONS PER SECOND
0.10220071621354435

ASSIGNMENTS
54
40
181
49
88
333
42
6
251
135
40
142
158
38
594
217
10
137
210
121
34
52
35
158
82
113
169
76
9
36
37
25
25
72
4
151
22
215
14
41
604
68
118
55
109
124
92
74
55
81
109
128
15
49
368
14
42
92
97
308
76
125
31
32
100
9
17
61
228
38
25
142
55
3
136
51
24
248
70
244
46
20
27
92
26
126
122
76
143
68
6
58
10
39
58
18
9
227
36
44
