BACKTRACKS
26
18
93
22
41
167
29
1
136
78
12
74
78
20
317
117
5
65
107
52
17
23
18
78
41
54
80
41
1
16
16
11
11
33
1
71
11
110
5
17
297
34
65
28
53
60
46
43
26
43
49
56
6
24
182
6
19
46
41
154
40
62
13
12
58
2
8
31
102
16
9
76
26
0
67
23
10
132
37
116
23
9
10
48
12
78
60
36
71
32
2
27
0
25
29
7
2
96
16
22

SPEED IN ITERATIONS PER SECOND
0.030625507813695992

ASSIGNMENTS
56
40
192
48
85
335
58
5
273
157
28
148
158
40
638
235
10
139
214
105
36
49
38
158
82
109
165
86
5
35
35
25
25
66
4
149
22
223
14
37
599
73
132
57
111
125
92
86
55
91
99
112
14
48
364
13
41
92
85
310
80
125
27
28
116
6
18
66
209
34
21
152
55
1
136
50
22
264
74
232
46
20
26
98
26
156
120
73
143
66
6
59
3
53
58
17
6
197
35
44
