BACKTRACKS
26
18
93
22
41
167
29
1
136
78
12
74
78
20
317
117
5
65
107
52
17
23
18
78
41
54
80
41
1
16
16
11
11
33
1
71
11
110
5
17
297
34
65
28
53
60
46
43
26
43
49
56
6
24
182
6
19
46
41
154
40
62
13
12
58
2
8
31
102
16
9
76
26
0
67
23
10
132
37
116
23
9
10
48
12
78
60
36
71
32
2
27
0
25
29
7
2
96
16
22
76
49
174
33
49
41
77
10
22
62
84
17
14
37
6
7
43
107
10
91
33
14
2
35
6
17
43
6
4
17
6
25
4
31
2
77
3
49
35
72
150
44
32
32
41
50
141
32
13
19
13
12
14
4
49
16
14
94
39
51
39
31
2
447
0
17
14
21
29
12
18
23
30
4
80
14
11
15
1
38
0
17
7
4
5
34
12
3
2
1
5
26
21
20
17
69
5
35
56
36
22
6
18
8
49
1
8
1
20
12
31
9
21
23
15
113
38
64
1
35
94
7
8
28
4
29
41
28
7
36
8
10
17
16
82
7
16
45
4
183
38
8
41
26
162
13
5
71
2
2
27
2
12
4
11
23
5
39
20
6
9
47
26
60
1
6
17
16
1
16
25
14
3
31
23
42
17
28
12
33
20
2
11
19
13
1
15
18
3
12
5
15
14
182
32
12
56
14
9
12
23
17
5
15
20
25
4
58
54
21
17
12
6
21
13
69
5
1
0
35
80
20
12
10
32
36
76
1
3
43
9
63
46
1
38
10
15
17
1
31
40
11
57
53
18
24
8
25
100
8
62
22
34
16
46
12
1
13
6
13
4
15
41
11
6
4
13
25
66
14
1
16
2
33
11
10
31
129
16
16
20
20
9
37
18
67
14
34
7
17
31
9
18
0
29
17
3
20
23
24
7
40
9
9
15
17
14
1
4
16
9
19
5
35
16
8
3
12
34
19
14
14
18
14
4
27
37
17
45
3
20
26
1
40
13
23
7
10
14
3
11
62
12
16
9
11
14
2
15
16
23
14
4
55
146
59
15
16
16
5
13
16
27
11
17
0
28
18
3
6
21
7
26
6
61
41
6
5
25
27
8
83
1
4
5
0
1
2
13
43
2
178
21
17
7
37
5
39
24
0

SPEED IN ITERATIONS PER SECOND
99.52865657537271

ASSIGNMENTS
56
40
192
48
85
335
58
5
273
157
28
148
158
40
638
235
10
139
214
105
36
49
38
158
82
109
165
86
5
35
35
25
25
66
4
149
22
223
14
37
599
73
132
57
111
125
92
86
55
91
99
112
14
48
364
13
41
92
85
310
80
125
27
28
116
6
18
66
209
34
21
152
55
1
136
50
22
264
74
232
46
20
26
98
26
156
120
73
143
66
6
59
3
53
58
17
6
197
35
44
153
101
348
71
98
84
158
22
46
127
173
40
30
79
15
17
88
219
23
186
68
29
6
72
15
40
90
13
12
38
18
55
10
63
8
157
9
99
72
145
301
93
68
67
82
101
286
66
28
41
26
27
30
14
99
36
29
192
78
104
78
64
7
897
2
38
31
47
61
26
38
48
63
9
162
31
23
33
3
78
3
37
18
8
12
68
27
8
6
5
14
56
42
46
37
138
12
72
117
74
45
13
37
18
99
6
21
6
42
27
63
20
42
47
32
230
79
130
6
70
190
17
19
59
9
60
88
60
16
76
19
23
34
34
167
16
35
92
10
367
81
16
86
53
332
26
15
145
5
5
56
7
29
12
23
46
14
82
43
16
19
94
53
121
5
13
35
36
5
33
56
29
11
62
49
85
38
57
26
68
41
6
25
41
26
3
33
37
10
27
11
31
32
364
66
25
112
30
19
27
49
38
13
32
42
53
9
116
111
45
38
25
13
44
29
138
13
4
3
71
162
43
27
25
66
73
156
3
7
88
18
129
92
4
76
23
32
38
5
64
81
25
117
108
39
49
19
51
203
18
127
44
72
35
92
28
3
27
13
31
11
32
83
23
14
10
28
50
135
29
4
37
8
66
23
23
64
260
34
32
42
42
21
76
38
139
31
70
16
34
65
20
39
4
59
37
8
42
49
51
18
83
21
20
32
35
30
4
10
38
20
41
12
70
32
20
7
28
72
40
30
28
39
31
13
54
75
36
92
9
40
54
4
80
26
46
17
23
29
9
26
125
29
35
23
23
31
5
31
35
48
30
15
117
293
120
35
34
33
14
30
32
56
25
37
3
56
38
11
17
44
19
53
17
124
84
14
12
54
56
20
167
5
10
14
2
4
6
29
86
7
360
44
34
19
76
15
82
50
2

TIME PER ITERATION
9.092053890228271
6.812806129455566
19.904908657073975
7.2767579555511475
8.210241794586182
16.65647006034851
8.567284107208252
4.896605968475342
15.450294017791748
11.726013898849487
5.575453996658325
10.834398984909058
12.745136976242065
7.515892028808594
44.30926728248596
12.8678457736969
5.309920072555542
7.256644248962402
13.296186208724976
8.816678047180176
7.941496849060059
6.309772968292236
6.0975141525268555
12.67547607421875
9.175834894180298
9.082093000411987
11.361019134521484
9.644442796707153
5.101018905639648
6.6272618770599365
6.133486032485962
6.379144191741943
5.90632700920105
9.271030902862549
5.085124254226685
13.021977663040161
6.158888816833496
13.471642255783081
5.851703643798828
6.260910749435425
37.18596601486206
8.835955142974854
10.30979323387146
8.277315139770508
8.413270950317383
11.796975135803223
8.405514001846313
9.695703983306885
6.901134014129639
9.81893515586853
9.043594121932983
10.939688205718994
5.653893709182739
7.63156795501709
9.073094129562378
5.580502033233643
6.770628929138184
8.507463932037354
8.031124830245972
13.916064023971558
8.532517910003662
10.213289976119995
6.7206950187683105
5.662492036819458
10.210184097290039
5.084295988082886
5.771106243133545
8.720582008361816
16.62566089630127
7.466831207275391
5.799596071243286
11.619268894195557
7.125026226043701
4.97945499420166
10.858298063278198
6.932215929031372
6.419810056686401
14.245517015457153
8.146692037582397
14.086591958999634
6.920007228851318
5.526313781738281
6.081115961074829
10.197114944458008
6.266310214996338
13.130090713500977
8.456700801849365
9.195629835128784
13.424299001693726
6.860480070114136
5.500926971435547
7.404937982559204
5.199033737182617
7.579613924026489
7.21861720085144
5.473751068115234
5.27718710899353
10.14038896560669
6.462105989456177
7.222915172576904
13.788513898849487
9.896615982055664
18.62215805053711
10.050108909606934
9.149780988693237
7.675981044769287
13.695919752120972
6.2767579555511475
6.396419048309326
7.4101011753082275
11.076704978942871
5.940421104431152
5.730839014053345
8.953046798706055
5.577580213546753
5.907213926315308
7.495157957077026
18.763540029525757
5.636579990386963
10.628911018371582
8.948390007019043
5.905787944793701
5.263814210891724
9.46912407875061
5.568155288696289
6.284447193145752
9.730443954467773
5.362288951873779
5.287296772003174
7.3591697216033936
5.330661058425903
8.525166988372803
5.403106927871704
9.246942043304443
5.08632493019104
11.96831488609314
5.552298069000244
9.052154779434204
9.442840099334717
9.255367994308472
16.33854603767395
7.2179577350616455
9.92240595817566
7.1255879402160645
7.580939054489136
7.420441150665283
12.525699853897095
6.7434751987457275
6.825187921524048
6.925187826156616
6.495971918106079
5.997637748718262
7.126336097717285
5.4434380531311035
8.979948997497559
6.469365119934082
6.194242000579834
10.60640573501587
8.45730996131897
8.793927907943726
8.653151988983154
7.791061162948608
5.155685186386108
69.88222408294678
4.943246126174927
6.920204162597656
6.060259819030762
6.997966766357422
7.74905800819397
6.365109920501709
6.360829830169678
6.831077814102173
7.7519330978393555
5.397181987762451
8.994302034378052
5.823442220687866
6.083781003952026
7.13765287399292
5.124220848083496
8.89181900024414
5.112478971481323
6.6090569496154785
5.296086072921753
5.671936988830566
5.820044040679932
7.952949047088623
6.264230966567993
5.312758684158325
5.403309106826782
5.150069713592529
5.392125129699707
6.8232362270355225
7.255937814712524
6.2696850299835205
6.376084089279175
12.41947627067566
5.7373740673065186
7.934302091598511
7.938997745513916
9.138312101364136
7.341658115386963
5.459444046020508
6.801026821136475
5.520735263824463
10.706923961639404
5.285941123962402
5.778890132904053
5.044846057891846
7.478064775466919
5.824398040771484
8.60979676246643
6.0897369384765625
6.434643030166626
7.557387828826904
6.224292278289795
12.335922718048096
7.460263252258301
10.253329038619995
5.066360950469971
7.767932891845703
12.201704978942871
5.586846113204956
5.83097505569458
7.6786580085754395
5.510772943496704
8.186909198760986
8.788222074508667
7.980764865875244
6.264838218688965
7.72254204750061
5.777316093444824
6.163166046142578
6.289172410964966
6.067444086074829
7.457468032836914
5.394351005554199
6.320478200912476
7.0099499225616455
5.685368061065674
23.701725959777832
7.689901113510132
6.253357172012329
9.055782794952393
7.14880895614624
14.7936692237854
6.161783933639526
5.459404230117798
9.919250965118408
5.155127763748169
5.256428003311157
7.293571710586548
5.190965890884399
5.937359809875488
5.707329988479614
5.901693105697632
7.646838903427124
5.286178112030029
7.33821177482605
6.385406970977783
5.869877815246582
6.766798973083496
9.644375801086426
5.812304973602295
9.904672861099243
5.061108112335205
5.882828712463379
6.24169397354126
5.931186199188232
5.114665985107422
6.0439417362213135
7.23475193977356
5.968955039978027
5.28941011428833
7.039371728897095
7.369002103805542
7.912460088729858
7.245635986328125
7.4999730587005615
6.125249147415161
7.646773099899292
6.595057964324951
5.33041787147522
6.5504372119903564
7.154070854187012
6.56960916519165
5.084920883178711
6.01415228843689
6.951847791671753
5.172446966171265
5.961184024810791
5.354500770568848
6.758095026016235
6.454988956451416
9.212784767150879
6.723854064941406
6.359555721282959
12.179386854171753
6.377060174942017
6.227806091308594
6.227996110916138
7.479797840118408
6.324460983276367
5.403087854385376
6.895860195159912
7.119336843490601
5.672520875930786
5.524234056472778
9.991575002670288
7.890389919281006
5.9633893966674805
6.542144060134888
6.0389299392700195
5.793371915817261
7.1995720863342285
6.092810869216919
7.3734447956085205
5.795684099197388
5.088740110397339
5.064951181411743
9.403126001358032
12.770655393600464
7.581036806106567
6.188997983932495
6.432854890823364
6.630451202392578
7.975805282592773
9.175574779510498
5.219329833984375
5.489366054534912
7.813884973526001
5.71410608291626
10.740200996398926
8.524727821350098
5.273501873016357
7.769889831542969
5.878534317016602
6.040990114212036
6.567560911178589
5.178711175918579
8.67430305480957
8.325706005096436
6.670382738113403
9.515140295028687
9.49174690246582
6.517115831375122
7.312493085861206
5.814024209976196
7.675292015075684
8.98996877670288
5.628347873687744
6.882835149765015
6.605818033218384
7.0192859172821045
6.302809715270996
7.9141082763671875
6.224972248077393
5.0943310260772705
6.797199726104736
5.927520036697388
6.381369113922119
5.510358095169067
6.212872266769409
13.310652017593384
6.469960927963257
5.452010869979858
5.575515031814575
6.489132881164551
8.280638933181763
9.912442207336426
6.657559871673584
5.029750108718872
5.919697046279907
5.131936073303223
7.629258871078491
5.945184946060181
6.272200107574463
7.032315015792847
13.801897048950195
6.349117994308472
6.300664901733398
6.674283742904663
6.234652042388916
5.764465093612671
8.706359148025513
6.467288017272949
9.371092081069946
5.986007928848267
6.685848712921143
6.31959867477417
6.8210649490356445
8.223070859909058
5.890083074569702
6.183102130889893
4.9745261669158936
7.4101057052612305
6.459118843078613
5.358937978744507
6.641416788101196
6.9953930377960205
6.723849296569824
5.927075147628784
15.538994789123535
5.881525993347168
5.954776048660278
53.52845096588135
96.16555690765381
5.73586893081665
4.953453063964844
40.25340795516968
6.803002834320068
5.236401081085205
132.27154994010925
5.292499780654907
53.016403913497925
6.54092001914978
5.675753831863403
5.057090997695923
119.95663213729858
699.3365287780762
124.0133171081543
7.486649036407471
6.845735311508179
7.371142864227295
6.641362905502319
5.31250524520874
6.9001641273498535
8.143946170806885
5.8172056674957275
7.619830846786499
5.06426477432251
7.348517894744873
7.862199068069458
4.902076959609985
7.337836027145386
6.319010019302368
6.515079975128174
5.456824064254761
6.596076011657715
6.183887004852295
5.3656299114227295
6.324706792831421
9.363624095916748
5.870629072189331
6.032278060913086
5.471541166305542
6.2323760986328125
5.759697914123535
5.3385841846466064
6.073021173477173
7.04214882850647
7.13703989982605
6.343916893005371
5.128131866455078
9.977795124053955
20.255950689315796
13.53310513496399
6.184705972671509
6.017377138137817
5.961603164672852
5.264765024185181
6.331074953079224
6.300525665283203
6.302372932434082
5.8949971199035645
6.156665086746216
4.99830174446106
7.122761964797974
7.480170965194702
5.062493801116943
5.292740821838379
6.539074182510376
5.625578165054321
7.404671907424927
5.476226091384888
9.728163003921509
7.015954971313477
5.122197151184082
5.108090162277222
7.883482933044434
7.247078895568848
6.291004180908203
15.912570714950562
5.2192559242248535
5.386911869049072
5.888831853866577
5.043263912200928
5.121019124984741
5.160120010375977
6.669387102127075
8.613332986831665
5.22584080696106
16.05246901512146
7.366642951965332
6.304332971572876
5.289964914321899
6.506798028945923
5.291635274887085
8.362835168838501
7.0635881423950195
5.023424863815308
